0.693142
0.693132
0.693116
0.693095
0.693069
0.693038
0.693001
0.69296
0.692913
0.692861
0.692804
0.692741
0.692674
0.692601
0.692523
0.69244
0.692351
0.692258
0.692159
0.692056
0.691947
0.691833
0.691714
0.691589
0.69146
0.691326
0.691186
0.691041
0.690892
0.690737
0.690577
0.690412
0.690243
0.690068
0.689888
0.689703
0.689513
0.689318
0.689119
0.688914
0.688704
0.68849
0.68827
0.688046
0.687817
0.687583
0.687344
0.6871
0.686851
0.686598
0.68634
0.686077
0.68581
0.685537
0.68526
0.684979
0.684692
0.684401
0.684106
0.683805
0.683501
0.683191
0.682877
0.682559
0.682236
0.681908
0.681576
0.68124
0.680899
0.680554
0.680205
0.679851
0.679492
0.67913
0.678763
0.678392
0.678017
0.677637
0.677254
0.676866
0.676474
0.676078
0.675678
0.675274
0.674866
0.674453
0.674037
0.673617
0.673193
0.672765
0.672334
0.671898
0.671459
0.671016
0.670569
0.670118
0.669664
0.669206
0.668744
0.668279
0.667811
0.667338
0.666863
0.666384
0.665901
0.665415
0.664926
0.664433
0.663937
0.663437
0.662935
0.662429
0.66192
0.661408
0.660893
0.660375
0.659853
0.659329
0.658802
0.658272
0.657739
0.657203
0.656664
0.656122
0.655578
0.655031
0.654481
0.653928
0.653373
0.652815
0.652255
0.651692
0.651127
0.65056
0.64999
0.649417
0.648842
0.648265
0.647686
0.647104
0.646521
0.645935
0.645347
0.644757
0.644165
0.643571
0.642975
0.642377
0.641777
0.641175
0.640572
0.639967
0.63936
0.638751
0.638141
0.637529
0.636916
0.636301
0.635684
0.635066
0.634447
0.633826
0.633204
0.632581
0.631956
0.63133
0.630703
0.630075
0.629446
0.628815
0.628184
0.627552
0.626918
0.626284
0.625649
0.625013
0.624377
0.623739
0.623101
0.622462
0.621823
0.621183
0.620542
0.619901
0.619259
0.618617
0.617975
0.617332
0.616689
0.616046
0.615402
0.614758
0.614114
0.61347
0.612826
0.612182
0.611538
0.610893
0.610249
0.609605
0.608961
0.608317
0.607674
0.607031
0.606388
0.605745
0.605103
0.604461
0.603819
0.603178
0.602538
0.601898
0.601259
0.60062
0.599982
0.599345
0.598708
0.598072
0.597437
0.596803
0.59617
0.595538
0.594906
0.594276
0.593646
0.593018
0.592391
0.591764
0.591139
0.590516
0.589893
0.589272
0.588652
0.588033
0.587415
0.5868
0.586185
0.585572
0.58496
0.58435
0.583742
0.583135
0.582529
0.581926
0.581324
0.580723
0.580125
0.579528
0.578933
0.57834
0.577748
0.577159
0.576572
0.575986
0.575402
0.574821
0.574241
0.573664
0.573088
0.572515
0.571944
0.571375
0.570808
0.570244
0.569681
0.569121
0.568564
0.568008
0.567455
0.566905
0.566356
0.56581
0.565267
0.564726
0.564188
0.563652
0.563118
0.562588
0.56206
0.561534
0.561011
0.560491
0.559973
0.559458
0.558946
0.558437
0.55793
0.557426
0.556925
0.556426
0.555931
0.555438
0.554949
0.554462
0.553978
0.553497
0.553019
0.552544
0.552072
0.551603
0.551136
0.550673
0.550213
0.549756
0.549302
0.548852
0.548404
0.547959
0.547518
0.54708
0.546644
0.546212
0.545784
0.545358
0.544936
0.544516
0.5441
0.543688
0.543278
0.542872
0.542469
0.542069
0.541673
0.54128
0.54089
0.540504
0.540121
0.539741
0.539365
0.538992
0.538622
0.538256
0.537893
0.537533
0.537177
0.536824
0.536475
0.536129
0.535786
0.535447
0.535111
0.534779
0.53445
0.534124
0.533802
0.533484
0.533168
0.532857
0.532548
0.532243
0.531942
0.531644
0.531349
0.531058
0.530771
0.530486
0.530206
0.529928
0.529655
0.529384
0.529117
0.528854
0.528594
0.528337
0.528084
0.527834
0.527588
0.527345
0.527105
0.526869
0.526637
0.526408
0.526182
0.52596
0.525741
0.525525
0.525313
0.525104
0.524899
0.524697
0.524498
0.524303
0.524111
0.523923
0.523737
0.523556
0.523377
0.523202
0.52303
0.522862
0.522696
0.522534
0.522376
0.52222
0.522068
0.52192
0.521774
0.521632
0.521493
0.521357
0.521224
0.521095
0.520968
0.520845
0.520725
0.520609
0.520495
0.520385
0.520277
0.520173
0.520072
0.519974
0.519879
0.519787
0.519699
0.519613
0.51953
0.519451
0.519374
0.5193
0.51923
0.519162
0.519097
0.519035
0.518977
0.518921
0.518868
0.518817
0.51877
0.518726
0.518684
0.518645
0.518609
0.518576
0.518546
0.518518
0.518493
0.518471
0.518452
0.518435
0.518421
0.51841
0.518401
0.518395
0.518392
0.518391
0.518393
0.518397
0.518404
0.518413
0.518426
0.51844
0.518457
0.518477
0.518499
0.518523
0.51855
0.518579
0.518611
0.518645
0.518681
0.51872
0.518761
0.518804
0.51885
0.518898
0.518948
0.519001
0.519055
0.519112
0.519171
0.519232
0.519296
0.519361
0.519429
0.519498
0.51957
0.519644
0.51972
0.519797
0.519877
0.519959
0.520043
0.520129
0.520216
0.520306
0.520397
0.52049
0.520586
0.520683
0.520781
0.520882
0.520984
0.521089
0.521194
0.521302
0.521411
0.521522
0.521635
0.521749
0.521865
0.521983
0.522102
0.522223
0.522345
0.522469
0.522594
0.522721
0.522849
0.522979
0.52311
0.523242
0.523376
0.523512
0.523648
0.523786
0.523926
0.524067
0.524209
0.524352
0.524496
0.524642
0.524789
0.524937
0.525086
0.525237
0.525389
0.525541
0.525695
0.52585
0.526006
0.526163
0.526321
0.52648
0.52664
0.526801
0.526963
0.527126
0.52729
0.527455
0.52762
0.527787
0.527954
0.528122
0.528291
0.528461
0.528631
0.528803
0.528975
0.529147
0.529321
0.529495
0.52967
0.529845
0.530021
0.530198
0.530375
0.530553
0.530731
0.53091
0.53109
0.53127
0.53145
0.531631
0.531813
0.531994
0.532177
0.532359
0.532542
0.532726
0.53291
0.533094
0.533278
0.533463
0.533648
0.533833
0.534019
0.534204
0.53439
0.534577
0.534763
0.53495
0.535136
0.535323
0.53551
0.535697
0.535884
0.536071
0.536259
0.536446
0.536633
0.536821
0.537008
0.537196
0.537383
0.53757
0.537757
0.537944
0.538131
0.538318
0.538505
0.538692
0.538878
0.539065
0.539251
0.539437
0.539622
0.539808
0.539993
0.540178
0.540363
0.540547
0.540731
0.540915
0.541098
0.541281
0.541464
0.541646
0.541828
0.54201
0.542191
0.542372
0.542552
0.542732
0.542911
0.54309
0.543268
0.543446
0.543623
0.5438
0.543976
0.544152
0.544327
0.544501
0.544675
0.544848
0.545021
0.545193
0.545364
0.545535
0.545705
0.545874
0.546042
0.54621
0.546377
0.546544
0.546709
0.546874
0.547038
0.547201
0.547364
0.547525
0.547686
0.547846
0.548005
0.548164
0.548321
0.548477
0.548633
0.548788
0.548941
0.549094
0.549246
0.549397
0.549547
0.549696
0.549844
0.549991
0.550137
0.550282
0.550426
0.550569
0.550711
0.550851
0.550991
0.55113
0.551267
0.551404
0.551539
0.551673
0.551807
0.551939
0.552069
0.552199
0.552327
0.552455
0.552581
0.552706
0.55283
0.552952
0.553073
0.553193
0.553312
0.55343
0.553546
0.553661
0.553775
0.553887
0.553998
0.554108
0.554217
0.554324
0.55443
0.554534
0.554637
0.554739
0.55484
0.554939
0.555036
0.555133
0.555228
0.555321
0.555413
0.555504
0.555593
0.555681
0.555767
0.555852
0.555936
0.556018
0.556098
0.556177
0.556255
0.556331
0.556405
0.556479
0.55655
0.55662
0.556689
0.556756
0.556821
0.556885
0.556947
0.557008
0.557067
0.557125
0.557181
0.557235
0.557288
0.557339
0.557389
0.557437
0.557483
0.557528
0.557571
0.557613
0.557652
0.557691
0.557727
0.557762
0.557795
0.557827
0.557857
0.557885
0.557912
0.557937
0.55796
0.557981
0.558001
0.558019
0.558035
0.55805
0.558063
0.558074
0.558083
0.558091
0.558097
0.558101
0.558104
0.558104
0.558103
0.5581
0.558096
0.558089
0.558081
0.558071
0.558059
0.558046
0.558031
0.558013
0.557995
0.557974
0.557951
0.557927
0.557901
0.557873
0.557843
0.557811
0.557778
0.557743
0.557706
0.557667
0.557626
0.557583
0.557539
0.557492
0.557444
0.557394
0.557342
0.557288
0.557233
0.557175
0.557116
0.557055
0.556992
0.556927
0.55686
0.556791
0.55672
0.556648
0.556573
0.556497
0.556419
0.556339
0.556257
0.556173
0.556087
0.556
0.55591
0.555819
0.555725
0.55563
0.555533
0.555434
0.555333
0.55523
0.555125
0.555018
0.55491
0.554799
0.554687
0.554572
0.554456
0.554338
0.554218
0.554096
0.553972
0.553846
0.553718
0.553588
0.553457
0.553323
0.553188
0.55305
0.552911
0.552769
0.552626
0.552481
0.552334
0.552185
0.552034
0.551881
0.551727
0.55157
0.551411
0.551251
0.551088
0.550924
0.550758
0.55059
0.550419
0.550247
0.550074
0.549898
0.54972
0.54954
0.549359
0.549175
0.54899
0.548802
0.548613
0.548422
0.548229
0.548034
0.547837
0.547638
0.547437
0.547235
0.54703
0.546824
0.546616
0.546406
0.546194
0.54598
0.545764
0.545546
0.545326
0.545105
0.544882
0.544656
0.544429
0.5442
0.543969
0.543737
0.543502
0.543266
0.543027
0.542787
0.542545
0.542302
0.542056
0.541808
0.541559
0.541308
0.541055
0.5408
0.540543
0.540284
0.540024
0.539762
0.539498
0.539232
0.538964
0.538695
0.538424
0.538151
0.537876
0.537599
0.537321
0.537041
0.536759
0.536475
0.53619
0.535902
0.535613
0.535322
0.53503
0.534736
0.53444
0.534142
0.533842
0.533541
0.533238
0.532933
0.532627
0.532319
0.532009
0.531697
0.531384
0.531069
0.530753
0.530434
0.530114
0.529793
0.529469
0.529144
0.528818
0.528489
0.528159
0.527828
0.527495
0.52716
0.526823
0.526485
0.526146
0.525804
0.525461
0.525117
0.524771
0.524423
0.524074
0.523723
0.523371
0.523017
0.522662
0.522305
0.521946
0.521586
0.521224
0.520861
0.520497
0.52013
0.519763
0.519394
0.519023
0.518651
0.518278
0.517903
0.517526
0.517148
0.516769
0.516388
0.516006
0.515622
0.515237
0.514851
0.514463
0.514074
0.513684
0.513292
0.512898
0.512504
0.512108
0.51171
0.511312
0.510912
0.510511
0.510108
0.509704
0.509299
0.508892
0.508485
0.508076
0.507666
0.507254
0.506841
0.506427
0.506012
0.505596
0.505178
0.50476
0.50434
0.503919
0.503496
0.503073
0.502648
0.502223
0.501796
0.501368
0.500939
0.500509
0.500078
0.499645
0.499212
0.498777
0.498342
0.497905
0.497468
0.497029
0.49659
0.496149
0.495708
0.495265
0.494822
0.494377
0.493932
0.493486
0.493038
0.49259
0.492141
0.491691
0.491241
0.490789
0.490336
0.489883
0.489429
0.488974
0.488518
0.488061
0.487604
0.487146
0.486687
0.486227
0.485766
0.485305
0.484843
0.48438
0.483917
0.483453
0.482988
0.482523
0.482057
0.48159
0.481123
0.480655
0.480187
0.479718
0.479248
0.478778
0.478307
0.477835
0.477364
0.476891
0.476418
0.475945
0.475471
0.474997
0.474522
0.474047
0.473571
0.473095
0.472619
0.472142
0.471665
0.471187
0.470709
0.470231
0.469752
0.469273
0.468794
0.468315
0.467835
0.467355
0.466875
0.466394
0.465914
0.465433
0.464952
0.464471
0.463989
0.463508
0.463026
0.462544
0.462062
0.46158
0.461098
0.460616
0.460134
0.459652
0.45917
0.458688
0.458205
0.457723
0.457241
0.456759
0.456277
0.455795
0.455313
0.454831
0.45435
0.453868
0.453387
0.452906
0.452425
0.451944
0.451463
0.450983
0.450503
0.450023
0.449544
0.449064
0.448585
0.448107
0.447628
0.44715
0.446673
0.446196
0.445719
0.445242
0.444766
0.444291
0.443816
0.443341
0.442867
0.442393
0.44192
0.441447
0.440975
0.440503
0.440033
0.439562
0.439092
0.438623
0.438155
0.437687
0.43722
0.436753
0.436287
0.435822
0.435358
0.434894
0.434431
0.433969
0.433508
0.433047
0.432587
0.432129
0.431671
0.431213
0.430757
0.430302
0.429847
0.429394
0.428941
0.42849
0.428039
0.427589
0.427141
0.426693
0.426246
0.425801
0.425356
0.424913
0.424471
0.424029
0.423589
0.42315
0.422713
0.422276
0.421841
0.421407
0.420974
0.420542
0.420111
0.419682
0.419254
0.418828
0.418402
0.417978
0.417556
0.417134
0.416714
0.416296
0.415879
0.415463
0.415049
0.414636
0.414225
0.413815
0.413406
0.412999
0.412594
0.41219
0.411788
0.411387
0.410988
0.410591
0.410195
0.4098
0.409408
0.409017
0.408627
0.40824
0.407854
0.407469
0.407087
0.406706
0.406327
0.40595
0.405574
0.405201
0.404829
0.404459
0.40409
0.403724
0.40336
0.402997
0.402636
0.402277
0.40192
0.401565
0.401212
0.400861
0.400512
0.400165
0.39982
0.399477
0.399136
0.398797
0.39846
0.398125
0.397792
0.397461
0.397133
0.396806
0.396482
0.396159
0.395839
0.395521
0.395205
0.394892
0.39458
0.394271
0.393964
0.393659
0.393357
0.393056
0.392758
0.392463
0.392169
0.391878
0.391589
0.391303
0.391018
0.390737
0.390457
0.39018
0.389905
0.389633
0.389363
0.389095
0.38883
0.388567
0.388307
0.388049
0.387794
0.387541
0.387291
0.387043
0.386797
0.386554
0.386314
0.386076
0.38584
0.385608
0.385377
0.385149
0.384924
0.384702
0.384481
0.384264
0.384049
0.383837
0.383627
0.38342
0.383216
0.383014
0.382815
0.382618
0.382424
0.382233
0.382045
0.381859
0.381676
0.381495
0.381317
0.381142
0.38097
0.3808
0.380633
0.380469
0.380308
0.380149
0.379993
0.379839
0.379689
0.379541
0.379396
0.379254
0.379114
0.378978
0.378844
0.378713
0.378584
0.378459
0.378336
0.378216
0.378099
0.377984
0.377873
0.377764
0.377658
0.377555
0.377454
0.377357
0.377262
0.37717
0.377081
0.376995
0.376912
0.376831
0.376753
0.376679
0.376606
0.376537
0.376471
0.376407
0.376347
0.376289
0.376234
0.376182
0.376132
0.376086
0.376042
0.376001
0.375964
0.375928
0.375896
0.375867
0.37584
0.375816
0.375796
0.375777
0.375762
0.37575
0.37574
0.375734
0.37573
0.375729
0.37573
0.375735
0.375742
0.375752
0.375765
0.375781
0.3758
0.375821
0.375846
0.375873
0.375902
0.375935
0.375971
0.376009
0.37605
0.376093
0.37614
0.376189
0.376241
0.376296
0.376354
0.376414
0.376477
0.376543
0.376611
0.376683
0.376757
0.376833
0.376913
0.376995
0.37708
0.377167
0.377257
0.37735
0.377446
0.377544
0.377645
0.377748
0.377854
0.377963
0.378075
0.378189
0.378305
0.378425
0.378546
0.378671
0.378798
0.378928
0.37906
0.379194
0.379332
0.379472
0.379614
0.379759
0.379906
0.380056
0.380208
0.380363
0.380521
0.380681
0.380843
0.381008
0.381175
0.381344
0.381516
0.381691
0.381868
0.382047
0.382228
0.382412
0.382599
0.382787
0.382978
0.383172
0.383367
0.383565
0.383766
0.383968
0.384173
0.38438
0.384589
0.384801
0.385015
0.38523
0.385449
0.385669
0.385891
0.386116
0.386343
0.386572
0.386803
0.387036
0.387271
0.387509
0.387748
0.38799
0.388233
0.388479
0.388727
0.388976
0.389228
0.389481
0.389737
0.389995
0.390254
0.390515
0.390779
0.391044
0.391311
0.39158
0.391851
0.392123
0.392398
0.392674
0.392952
0.393232
0.393514
0.393797
0.394083
0.39437
0.394658
0.394948
0.39524
0.395534
0.395829
0.396126
0.396425
0.396725
0.397027
0.39733
0.397635
0.397942
0.39825
0.39856
0.398871
0.399183
0.399497
0.399813
0.40013
0.400448
0.400768
0.401089
0.401412
0.401735
0.402061
0.402387
0.402715
0.403045
0.403375
0.403707
0.40404
0.404374
0.40471
0.405046
0.405384
0.405723
0.406064
0.406405
0.406748
0.407091
0.407436
0.407782
0.408129
0.408476
0.408825
0.409175
0.409526
0.409878
0.410231
0.410585
0.41094
0.411295
0.411652
0.41201
0.412368
0.412727
0.413087
0.413448
0.41381
0.414172
0.414535
0.414899
0.415264
0.415629
0.415996
0.416362
0.41673
0.417098
0.417467
0.417836
0.418206
0.418577
0.418948
0.41932
0.419692
0.420065
0.420438
0.420812
0.421187
0.421561
0.421936
0.422312
0.422688
0.423065
0.423441
0.423819
0.424196
0.424574
0.424952
0.425331
0.425709
0.426088
0.426468
0.426847
0.427227
0.427607
0.427987
0.428367
0.428748
0.429128
0.429509
0.42989
0.430271
0.430652
0.431033
0.431414
0.431795
0.432176
0.432557
0.432939
0.43332
0.433701
0.434082
0.434463
0.434843
0.435224
0.435605
0.435985
0.436365
0.436745
0.437125
0.437505
0.437885
0.438264
0.438643
0.439022
0.4394
0.439778
0.440156
0.440534
0.440911
0.441288
0.441665
0.442041
0.442417
0.442792
0.443167
0.443541
0.443915
0.444289
0.444662
0.445035
0.445407
0.445779
0.44615
0.44652
0.44689
0.447259
0.447628
0.447996
0.448364
0.448731
0.449097
0.449463
0.449828
0.450192
0.450556
0.450918
0.451281
0.451642
0.452003
0.452362
0.452722
0.45308
0.453437
0.453794
0.45415
0.454505
0.454859
0.455212
0.455565
0.455916
0.456267
0.456617
0.456965
0.457313
0.45766
0.458006
0.458351
0.458695
0.459038
0.45938
0.459721
0.46006
0.460399
0.460737
0.461074
0.461409
0.461744
0.462077
0.462409
0.46274
0.46307
0.463399
0.463727
0.464054
0.464379
0.464703
0.465026
0.465348
0.465668
0.465987
0.466305
0.466622
0.466938
0.467252
0.467565
0.467876
0.468187
0.468496
0.468803
0.46911
0.469415
0.469718
0.470021
0.470321
0.470621
0.470919
0.471216
0.471511
0.471805
0.472097
0.472388
0.472678
0.472966
0.473253
0.473538
0.473821
0.474103
0.474384
0.474663
0.474941
0.475217
0.475492
0.475765
0.476036
0.476306
0.476574
0.476841
0.477106
0.47737
0.477632
0.477892
0.478151
0.478408
0.478664
0.478918
0.47917
0.47942
0.479669
0.479917
0.480162
0.480406
0.480648
0.480889
0.481128
0.481365
0.481601
0.481834
0.482066
0.482297
0.482525
0.482752
0.482977
0.4832
0.483422
0.483642
0.48386
0.484076
0.48429
0.484503
0.484714
0.484923
0.48513
0.485336
0.485539
0.485741
0.485941
0.486139
0.486336
0.48653
0.486723
0.486914
0.487103
0.48729
0.487475
0.487659
0.48784
0.48802
0.488198
0.488374
0.488548
0.48872
0.48889
0.489058
0.489225
0.489389
0.489552
0.489713
0.489872
0.490029
0.490184
0.490337
0.490488
0.490637
0.490784
0.49093
0.491073
0.491215
0.491354
0.491492
0.491627
0.491761
0.491893
0.492023
0.492151
0.492276
0.4924
0.492522
0.492642
0.49276
0.492876
0.492991
0.493103
0.493213
0.493321
0.493427
0.493532
0.493634
0.493734
0.493832
0.493929
0.494023
0.494115
0.494206
0.494294
0.494381
0.494465
0.494547
0.494628
0.494706
0.494783
0.494857
0.49493
0.495
0.495069
0.495135
0.4952
0.495263
0.495323
0.495382
0.495438
0.495493
0.495546
0.495596
0.495645
0.495692
0.495736
0.495779
0.49582
0.495858
0.495895
0.49593
0.495963
0.495994
0.496022
0.496049
0.496074
0.496097
0.496118
0.496137
0.496154
0.496169
0.496182
0.496194
0.496203
0.49621
0.496215
0.496219
0.49622
0.496219
0.496217
0.496212
0.496206
0.496198
0.496187
0.496175
0.496161
0.496145
0.496127
0.496107
0.496085
0.496061
0.496036
0.496008
0.495978
0.495947
0.495914
0.495878
0.495841
0.495802
0.495761
0.495719
0.495674
0.495627
0.495579
0.495529
0.495476
0.495422
0.495366
0.495309
0.495249
0.495188
0.495124
0.495059
0.494992
0.494923
0.494853
0.49478
0.494706
0.49463
0.494552
0.494472
0.494391
0.494307
0.494222
0.494135
0.494047
0.493956
0.493864
0.49377
0.493674
0.493577
0.493478
0.493377
0.493274
0.493169
0.493063
0.492955
0.492845
0.492734
0.492621
0.492506
0.49239
0.492272
0.492152
0.49203
0.491907
0.491782
0.491655
0.491527
0.491397
0.491266
0.491133
0.490998
0.490862
0.490724
0.490584
0.490443
0.4903
0.490155
0.490009
0.489862
0.489713
0.489562
0.489409
0.489256
0.4891
0.488943
0.488785
0.488625
0.488463
0.4883
0.488135
0.487969
0.487802
0.487633
0.487462
0.48729
0.487117
0.486942
0.486765
0.486588
0.486408
0.486228
0.486046
0.485862
0.485677
0.485491
0.485303
0.485114
0.484924
0.484732
0.484539
0.484344
0.484148
0.483951
0.483752
0.483552
0.483351
0.483149
0.482945
0.48274
0.482534
0.482326
0.482117
0.481907
0.481695
0.481483
0.481269
0.481054
0.480838
0.48062
0.480401
0.480181
0.47996
0.479738
0.479515
0.47929
0.479064
0.478838
0.47861
0.47838
0.47815
0.477919
0.477686
0.477453
0.477218
0.476983
0.476746
0.476508
0.47627
0.47603
0.475789
0.475547
0.475304
0.47506
0.474815
0.47457
0.474323
0.474075
0.473826
0.473577
0.473326
0.473075
0.472822
0.472569
0.472315
0.47206
0.471804
0.471547
0.471289
0.471031
0.470771
0.470511
0.47025
0.469988
0.469726
0.469462
0.469198
0.468933
0.468667
0.468401
0.468134
0.467866
0.467597
0.467328
0.467057
0.466787
0.466515
0.466243
0.46597
0.465697
0.465423
0.465148
0.464873
0.464597
0.46432
0.464043
0.463765
0.463487
0.463208
0.462928
0.462648
0.462368
0.462087
0.461805
0.461523
0.46124
0.460957
0.460674
0.46039
0.460105
0.45982
0.459535
0.459249
0.458963
0.458676
0.458389
0.458102
0.457814
0.457526
0.457237
0.456949
0.456659
0.45637
0.45608
0.45579
0.4555
0.455209
0.454918
0.454627
0.454335
0.454044
0.453752
0.453459
0.453167
0.452874
0.452582
0.452289
0.451995
0.451702
0.451409
0.451115
0.450821
0.450527
0.450233
0.449939
0.449645
0.449351
0.449057
0.448762
0.448468
0.448173
0.447879
0.447584
0.44729
0.446995
0.4467
0.446406
0.446111
0.445817
0.445522
0.445228
0.444934
0.44464
0.444346
0.444051
0.443758
0.443464
0.44317
0.442877
0.442583
0.44229
0.441997
0.441704
0.441411
0.441119
0.440827
0.440534
0.440243
0.439951
0.43966
0.439369
0.439078
0.438787
0.438497
0.438207
0.437917
0.437628
0.437339
0.43705
0.436762
0.436474
0.436186
0.435899
0.435612
0.435326
0.435039
0.434754
0.434468
0.434184
0.433899
0.433615
0.433332
0.433049
0.432766
0.432484
0.432203
0.431922
0.431641
0.431361
0.431082
0.430803
0.430524
0.430246
0.429969
0.429692
0.429416
0.429141
0.428866
0.428592
0.428318
0.428045
0.427772
0.427501
0.42723
0.426959
0.426689
0.42642
0.426152
0.425884
0.425617
0.425351
0.425086
0.424821
0.424557
0.424293
0.424031
0.423769
0.423508
0.423248
0.422989
0.42273
0.422472
0.422215
0.421959
0.421704
0.421449
0.421196
0.420943
0.420691
0.42044
0.42019
0.419941
0.419693
0.419445
0.419199
0.418953
0.418708
0.418465
0.418222
0.41798
0.417739
0.417499
0.41726
0.417022
0.416785
0.41655
0.416315
0.416081
0.415848
0.415616
0.415385
0.415155
0.414926
0.414699
0.414472
0.414246
0.414022
0.413799
0.413576
0.413355
0.413135
0.412916
0.412698
0.412481
0.412265
0.412051
0.411837
0.411625
0.411414
0.411204
0.410995
0.410788
0.410581
0.410376
0.410172
0.409969
0.409768
0.409567
0.409368
0.40917
0.408973
0.408778
0.408583
0.40839
0.408198
0.408008
0.407818
0.40763
0.407444
0.407258
0.407074
0.406891
0.406709
0.406529
0.40635
0.406172
0.405996
0.40582
0.405647
0.405474
0.405303
0.405133
0.404965
0.404798
0.404632
0.404467
0.404304
0.404142
0.403982
0.403823
0.403666
0.403509
0.403354
0.403201
0.403049
0.402898
0.402749
0.402601
0.402454
0.402309
0.402166
0.402024
0.401883
0.401743
0.401605
0.401469
0.401334
0.4012
0.401068
0.400937
0.400808
0.40068
0.400553
0.400428
0.400305
0.400183
0.400062
0.399943
0.399825
0.399709
0.399594
0.399481
0.399369
0.399259
0.39915
0.399043
0.398937
0.398833
0.39873
0.398629
0.398529
0.398431
0.398334
0.398238
0.398145
0.398052
0.397961
0.397872
0.397784
0.397698
0.397613
0.39753
0.397448
0.397368
0.39729
0.397213
0.397137
0.397063
0.39699
0.396919
0.39685
0.396782
0.396715
0.39665
0.396587
0.396525
0.396465
0.396406
0.396349
0.396293
0.396239
0.396186
0.396135
0.396086
0.396038
0.395991
0.395946
0.395903
0.395861
0.395821
0.395782
0.395745
0.395709
0.395675
0.395643
0.395611
0.395582
0.395554
0.395527
0.395503
0.395479
0.395457
0.395437
0.395418
0.395401
0.395385
0.395371
0.395359
0.395348
0.395338
0.39533
0.395323
0.395318
0.395315
0.395313
0.395313
0.395314
0.395317
0.395321
0.395326
0.395334
0.395342
0.395353
0.395364
0.395378
0.395393
0.395409
0.395427
0.395446
0.395467
0.395489
0.395513
0.395538
0.395565
0.395593
0.395623
0.395655
0.395687
0.395722
0.395757
0.395795
0.395833
0.395874
0.395915
0.395958
0.396003
0.396049
0.396097
0.396146
0.396196
0.396248
0.396302
0.396357
0.396413
0.396471
0.39653
0.396591
0.396653
0.396716
0.396781
0.396848
0.396915
0.396985
0.397055
0.397127
0.397201
0.397276
0.397352
0.39743
0.397509
0.39759
0.397671
0.397755
0.397839
0.397926
0.398013
0.398102
0.398192
0.398284
0.398377
0.398471
0.398567
0.398664
0.398762
0.398862
0.398963
0.399066
0.399169
0.399275
0.399381
0.399489
0.399598
0.399708
0.39982
0.399933
0.400047
0.400163
0.40028
0.400398
0.400518
0.400639
0.400761
0.400884
0.401009
0.401135
0.401262
0.40139
0.40152
0.401651
0.401783
0.401917
0.402051
0.402187
0.402324
0.402463
0.402602
0.402743
0.402885
0.403028
0.403173
0.403319
0.403465
0.403613
0.403763
0.403913
0.404064
0.404217
0.404371
0.404526
0.404682
0.40484
0.404998
0.405158
0.405318
0.40548
0.405643
0.405807
0.405973
0.406139
0.406306
0.406475
0.406645
0.406815
0.406987
0.40716
0.407334
0.407509
0.407685
0.407862
0.408041
0.40822
0.4084
0.408582
0.408764
0.408947
0.409132
0.409317
0.409504
0.409691
0.40988
0.410069
0.410259
0.410451
0.410643
0.410837
0.411031
0.411226
0.411423
0.41162
0.411818
0.412017
0.412217
0.412418
0.41262
0.412823
0.413026
0.413231
0.413437
0.413643
0.41385
0.414059
0.414268
0.414478
0.414689
0.4149
0.415113
0.415326
0.41554
0.415756
0.415971
0.416188
0.416406
0.416624
0.416843
0.417063
0.417284
0.417506
0.417728
0.417951
0.418175
0.4184
0.418626
0.418852
0.419079
0.419307
0.419535
0.419765
0.419995
0.420225
0.420457
0.420689
0.420922
0.421155
0.42139
0.421625
0.42186
0.422097
0.422334
0.422571
0.42281
0.423049
0.423288
0.423529
0.42377
0.424011
0.424253
0.424496
0.42474
0.424984
0.425228
0.425474
0.42572
0.425966
0.426213
0.426461
0.426709
0.426958
0.427207
0.427457
0.427707
0.427958
0.42821
0.428462
0.428714
0.428968
0.429221
0.429475
0.42973
0.429985
0.430241
0.430497
0.430753
0.43101
0.431268
0.431526
0.431784
0.432043
0.432302
0.432562
0.432822
0.433083
0.433344
0.433606
0.433868
0.43413
0.434393
0.434656
0.434919
0.435183
0.435447
0.435712
0.435977
0.436242
0.436508
0.436774
0.43704
0.437307
0.437574
0.437841
0.438109
0.438377
0.438646
0.438914
0.439183
0.439452
0.439722
0.439992
0.440262
0.440532
0.440803
0.441074
0.441345
0.441616
0.441888
0.44216
0.442432
0.442704
0.442977
0.443249
0.443522
0.443796
0.444069
0.444343
0.444616
0.44489
0.445164
0.445439
0.445713
0.445988
0.446263
0.446538
0.446813
0.447088
0.447363
0.447639
0.447914
0.44819
0.448466
0.448742
0.449018
0.449294
0.449571
0.449847
0.450123
0.4504
0.450676
0.450953
0.45123
0.451507
0.451783
0.45206
0.452337
0.452614
0.452891
0.453168
0.453445
0.453722
0.453999
0.454276
0.454553
0.454831
0.455108
0.455385
0.455662
0.455939
0.456216
0.456492
0.456769
0.457046
0.457323
0.4576
0.457876
0.458153
0.45843
0.458706
0.458982
0.459259
0.459535
0.459811
0.460087
0.460363
0.460639
0.460915
0.46119
0.461466
0.461741
0.462016
0.462291
0.462566
0.462841
0.463116
0.46339
0.463664
0.463939
0.464212
0.464486
0.46476
0.465033
0.465307
0.46558
0.465853
0.466125
0.466398
0.46667
0.466942
0.467214
0.467485
0.467757
0.468028
0.468299
0.468569
0.46884
0.46911
0.46938
0.46965
0.469919
0.470188
0.470457
0.470725
0.470994
0.471262
0.471529
0.471797
0.472064
0.472331
0.472597
0.472863
0.473129
0.473395
0.47366
0.473925
0.47419
0.474454
0.474718
0.474981
0.475245
0.475507
0.47577
0.476032
0.476294
0.476555
0.476816
0.477077
0.477337
0.477597
0.477857
0.478116
0.478374
0.478633
0.478891
0.479148
0.479405
0.479662
0.479918
0.480174
0.480429
0.480684
0.480939
0.481193
0.481447
0.4817
0.481953
0.482205
0.482457
0.482708
0.482959
0.48321
0.48346
0.483709
0.483958
0.484207
0.484455
0.484703
0.48495
0.485196
0.485443
0.485688
0.485933
0.486178
0.486422
0.486666
0.486909
0.487151
0.487393
0.487635
0.487875
0.488116
0.488356
0.488595
0.488834
0.489072
0.48931
0.489547
0.489783
0.490019
0.490255
0.49049
0.490724
0.490958
0.491191
0.491423
0.491655
0.491887
0.492117
0.492348
0.492577
0.492806
0.493035
0.493262
0.49349
0.493716
0.493942
0.494167
0.494392
0.494616
0.49484
0.495063
0.495285
0.495506
0.495727
0.495948
0.496167
0.496386
0.496605
0.496822
0.497039
0.497256
0.497472
0.497687
0.497901
0.498115
0.498328
0.49854
0.498752
0.498963
0.499173
0.499383
0.499592
0.4998
0.500008
0.500215
0.500421
0.500627
0.500832
0.501036
0.501239
0.501442
0.501644
0.501845
0.502046
0.502246
0.502445
0.502643
0.502841
0.503038
0.503234
0.50343
0.503625
0.503819
0.504012
0.504205
0.504397
0.504588
0.504778
0.504968
0.505157
0.505345
0.505532
0.505719
0.505904
0.50609
0.506274
0.506457
0.50664
0.506822
0.507004
0.507184
0.507364
0.507543
0.507721
0.507898
0.508075
0.508251
0.508426
0.5086
0.508773
0.508946
0.509118
0.509289
0.509459
0.509629
0.509798
0.509966
0.510133
0.510299
0.510464
0.510629
0.510793
0.510956
0.511118
0.51128
0.51144
0.5116
0.511759
0.511917
0.512075
0.512231
0.512387
0.512542
0.512696
0.512849
0.513002
0.513153
0.513304
0.513454
0.513603
0.513751
0.513899
0.514045
0.514191
0.514336
0.51448
0.514623
0.514766
0.514907
0.515048
0.515188
0.515327
0.515465
0.515602
0.515738
0.515874
0.516009
0.516143
0.516276
0.516408
0.516539
0.516669
0.516799
0.516928
0.517056
0.517183
0.517309
0.517434
0.517558
0.517682
0.517805
0.517926
0.518047
0.518167
0.518287
0.518405
0.518522
0.518639
0.518755
0.518869
0.518983
0.519096
0.519209
0.51932
0.51943
0.51954
0.519649
0.519756
0.519863
0.519969
0.520075
0.520179
0.520282
0.520385
0.520486
0.520587
0.520687
0.520786
0.520884
0.520981
0.521078
0.521173
0.521268
0.521361
0.521454
0.521546
0.521637
0.521727
0.521816
0.521904
0.521992
0.522078
0.522164
0.522249
0.522333
0.522416
0.522498
0.522579
0.522659
0.522739
0.522817
0.522895
0.522972
0.523048
0.523123
0.523197
0.52327
0.523342
0.523414
0.523484
0.523554
0.523622
0.52369
0.523757
0.523823
0.523888
0.523953
0.524016
0.524078
0.52414
0.524201
0.524261
0.524319
0.524378
0.524435
0.524491
0.524546
0.524601
0.524654
0.524707
0.524759
0.52481
0.52486
0.524909
0.524957
0.525004
0.525051
0.525097
0.525141
0.525185
0.525228
0.52527
0.525311
0.525351
0.525391
0.525429
0.525467
0.525504
0.52554
0.525574
0.525609
0.525642
0.525674
0.525706
0.525736
0.525766
0.525795
0.525823
0.52585
0.525876
0.525901
0.525926
0.525949
0.525972
0.525994
0.526015
0.526035
0.526054
0.526072
0.52609
0.526106
0.526122
0.526137
0.526151
0.526164
0.526177
0.526188
0.526199
0.526208
0.526217
0.526225
0.526232
0.526239
0.526244
0.526249
0.526252
0.526255
0.526257
0.526258
0.526259
0.526258
0.526257
0.526254
0.526251
0.526247
0.526243
0.526237
0.52623
0.526223
0.526215
0.526206
0.526196
0.526186
0.526174
0.526162
0.526149
0.526135
0.52612
0.526104
0.526088
0.526071
0.526052
0.526033
0.526014
0.525993
0.525972
0.52595
0.525926
0.525903
0.525878
0.525853
0.525826
0.525799
0.525771
0.525743
0.525713
0.525683
0.525652
0.52562
0.525587
0.525553
0.525519
0.525484
0.525448
0.525411
0.525374
0.525336
0.525297
0.525257
0.525216
0.525175
0.525133
0.52509
0.525046
0.525001
0.524956
0.52491
0.524863
0.524816
0.524767
0.524718
0.524668
0.524617
0.524566
0.524514
0.524461
0.524407
0.524353
0.524297
0.524242
0.524185
0.524127
0.524069
0.52401
0.523951
0.52389
0.523829
0.523767
0.523704
0.523641
0.523577
0.523512
0.523447
0.52338
0.523313
0.523246
0.523177
0.523108
0.523038
0.522968
0.522897
0.522825
0.522752
0.522678
0.522604
0.52253
0.522454
0.522378
0.522301
0.522224
0.522145
0.522066
0.521987
0.521906
0.521825
0.521744
0.521661
0.521578
0.521495
0.52141
0.521325
0.52124
0.521153
0.521066
0.520978
0.52089
0.520801
0.520711
0.520621
0.52053
0.520439
0.520346
0.520254
0.52016
0.520066
0.519971
0.519876
0.51978
0.519683
0.519586
0.519488
0.519389
0.51929
0.51919
0.51909
0.518989
0.518887
0.518785
0.518682
0.518579
0.518475
0.51837
0.518265
0.518159
0.518053
0.517946
0.517838
0.51773
0.517621
0.517512
0.517402
0.517292
0.517181
0.517069
0.516957
0.516844
0.516731
0.516617
0.516503
0.516388
0.516273
0.516157
0.51604
0.515923
0.515805
0.515687
0.515568
0.515449
0.515329
0.515209
0.515088
0.514967
0.514845
0.514723
0.5146
0.514477
0.514353
0.514228
0.514103
0.513978
0.513852
0.513726
0.513599
0.513472
0.513344
0.513215
0.513087
0.512957
0.512828
0.512697
0.512567
0.512436
0.512304
0.512172
0.512039
0.511906
0.511773
0.511639
0.511505
0.51137
0.511235
0.511099
0.510963
0.510826
0.51069
0.510552
0.510414
0.510276
0.510138
0.509998
0.509859
0.509719
0.509579
0.509438
0.509297
0.509156
0.509014
0.508872
0.508729
0.508586
0.508442
0.508299
0.508154
0.50801
0.507865
0.50772
0.507574
0.507428
0.507282
0.507135
0.506988
0.506841
0.506693
0.506545
0.506396
0.506247
0.506098
0.505949
0.505799
0.505649
0.505498
0.505348
0.505197
0.505045
0.504894
0.504742
0.504589
0.504437
0.504284
0.504131
0.503977
0.503823
0.503669
0.503515
0.50336
0.503205
0.50305
0.502895
0.502739
0.502583
0.502427
0.50227
0.502113
0.501956
0.501799
0.501642
0.501484
0.501326
0.501168
0.501009
0.50085
0.500691
0.500532
0.500373
0.500213
0.500054
0.499894
0.499733
0.499573
0.499412
0.499251
0.49909
0.498929
0.498768
0.498606
0.498444
0.498282
0.49812
0.497958
0.497795
0.497633
0.49747
0.497307
0.497144
0.496981
0.496817
0.496654
0.49649
0.496326
0.496162
0.495998
0.495833
0.495669
0.495504
0.49534
0.495175
0.49501
0.494845
0.49468
0.494515
0.494349
0.494184
0.494018
0.493853
0.493687
0.493521
0.493355
0.493189
0.493023
0.492857
0.492691
0.492525
0.492358
0.492192
0.492026
0.491859
0.491693
0.491526
0.491359
0.491193
0.491026
0.490859
0.490692
0.490525
0.490359
0.490192
0.490025
0.489858
0.489691
0.489524
0.489357
0.48919
0.489023
0.488856
0.488689
0.488522
0.488355
0.488188
0.488021
0.487854
0.487688
0.487521
0.487354
0.487187
0.487021
0.486854
0.486687
0.486521
0.486354
0.486188
0.486021
0.485855
0.485688
0.485522
0.485356
0.48519
0.485024
0.484858
0.484692
0.484526
0.484361
0.484195
0.48403
0.483864
0.483699
0.483534
0.483369
0.483204
0.483039
0.482874
0.482709
0.482545
0.482381
0.482216
0.482052
0.481888
0.481724
0.481561
0.481397
0.481234
0.481071
0.480908
0.480745
0.480582
0.480419
0.480257
0.480095
0.479933
0.479771
0.479609
0.479447
0.479286
0.479125
0.478964
0.478803
0.478643
0.478482
0.478322
0.478162
0.478002
0.477843
0.477684
0.477525
0.477366
0.477207
0.477049
0.476891
0.476733
0.476575
0.476418
0.47626
0.476103
0.475947
0.47579
0.475634
0.475478
0.475323
0.475167
0.475012
0.474857
0.474703
0.474549
0.474395
0.474241
0.474087
0.473934
0.473782
0.473629
0.473477
0.473325
0.473173
0.473022
0.472871
0.47272
0.47257
0.47242
0.47227
0.472121
0.471972
0.471823
0.471675
0.471527
0.471379
0.471232
0.471085
0.470938
0.470792
0.470646
0.470501
0.470355
0.470211
0.470066
0.469922
0.469778
0.469635
0.469492
0.46935
0.469207
0.469066
0.468924
0.468783
0.468643
0.468503
0.468363
0.468223
0.468084
0.467946
0.467808
0.46767
0.467533
0.467396
0.46726
0.467124
0.466988
0.466853
0.466718
0.466584
0.46645
0.466317
0.466184
0.466051
0.46592
0.465788
0.465657
0.465526
0.465396
0.465266
0.465137
0.465009
0.46488
0.464753
0.464625
0.464498
0.464372
0.464246
0.464121
0.463996
0.463872
0.463748
0.463625
0.463502
0.46338
0.463258
0.463136
0.463016
0.462895
0.462776
0.462657
0.462538
0.46242
0.462302
0.462185
0.462069
0.461953
0.461837
0.461722
0.461608
0.461494
0.461381
0.461268
0.461156
0.461044
0.460933
0.460823
0.460713
0.460604
0.460495
0.460387
0.460279
0.460172
0.460066
0.45996
0.459855
0.45975
0.459646
0.459542
0.45944
0.459337
0.459236
0.459135
0.459034
0.458934
0.458835
0.458736
0.458638
0.458541
0.458444
0.458348
0.458252
0.458157
0.458063
0.457969
0.457876
0.457784
0.457692
0.457601
0.457511
0.457421
0.457332
0.457243
0.457155
0.457068
0.456981
0.456895
0.45681
0.456726
0.456642
0.456558
0.456476
0.456394
0.456313
0.456232
0.456152
0.456073
0.455994
0.455916
0.455839
0.455763
0.455687
0.455612
0.455537
0.455463
0.45539
0.455318
0.455246
0.455175
0.455105
0.455035
0.454966
0.454898
0.454831
0.454764
0.454698
0.454633
0.454568
0.454504
0.454441
0.454379
0.454317
0.454256
0.454196
0.454136
0.454077
0.454019
0.453962
0.453905
0.453849
0.453794
0.45374
0.453686
0.453633
0.453581
0.453529
0.453479
0.453429
0.45338
0.453331
0.453283
0.453236
0.45319
0.453145
0.4531
0.453056
0.453013
0.452971
0.452929
0.452888
0.452848
0.452809
0.45277
0.452733
0.452696
0.452659
0.452624
0.452589
0.452555
0.452522
0.45249
0.452458
0.452428
0.452398
0.452368
0.45234
0.452312
0.452285
0.452259
0.452234
0.45221
0.452186
0.452163
0.452141
0.45212
0.452099
0.452079
0.45206
0.452042
0.452025
0.452009
0.451993
0.451978
0.451964
0.451951
0.451938
0.451926
0.451916
0.451905
0.451896
0.451888
0.45188
0.451873
0.451867
0.451862
0.451858
0.451854
0.451851
0.451849
0.451848
0.451848
0.451849
0.45185
0.451852
0.451855
0.451859
0.451863
0.451869
0.451875
0.451882
0.45189
0.451899
0.451908
0.451919
0.45193
0.451942
0.451955
0.451969
0.451983
0.451999
0.452015
0.452032
0.45205
0.452068
0.452088
0.452108
0.452129
0.452151
0.452174
0.452198
0.452222
0.452247
0.452273
0.4523
0.452328
0.452357
0.452386
0.452417
0.452448
0.45248
0.452512
0.452546
0.45258
0.452616
0.452652
0.452689
0.452727
0.452765
0.452805
0.452845
0.452886
0.452928
0.452971
0.453014
0.453059
0.453104
0.45315
0.453197
0.453245
0.453293
0.453343
0.453393
0.453444
0.453496
0.453549
0.453602
0.453657
0.453712
0.453768
0.453825
0.453882
0.453941
0.454
0.45406
0.454121
0.454183
0.454246
0.454309
0.454373
0.454439
0.454505
0.454571
0.454639
0.454707
0.454776
0.454846
0.454917
0.454989
0.455061
0.455135
0.455209
0.455284
0.455359
0.455436
0.455513
0.455591
0.45567
0.45575
0.455831
0.455912
0.455994
0.456077
0.456161
0.456246
0.456331
0.456417
0.456504
0.456592
0.456681
0.45677
0.45686
0.456951
0.457043
0.457136
0.457229
0.457323
0.457418
0.457514
0.45761
0.457708
0.457806
0.457904
0.458004
0.458105
0.458206
0.458308
0.45841
0.458514
0.458618
0.458723
0.458829
0.458936
0.459043
0.459151
0.45926
0.45937
0.45948
0.459592
0.459704
0.459816
0.45993
0.460044
0.460159
0.460275
0.460391
0.460508
0.460626
0.460745
0.460864
0.460985
0.461105
0.461227
0.46135
0.461473
0.461597
0.461721
0.461846
0.461972
0.462099
0.462227
0.462355
0.462484
0.462613
0.462744
0.462875
0.463007
0.463139
0.463272
0.463406
0.463541
0.463676
0.463812
0.463949
0.464086
0.464224
0.464363
0.464502
0.464643
0.464783
0.464925
0.465067
0.46521
0.465354
0.465498
0.465643
0.465788
0.465934
0.466081
0.466229
0.466377
0.466526
0.466675
0.466825
0.466976
0.467128
0.46728
0.467432
0.467586
0.46774
0.467894
0.46805
0.468206
0.468362
0.468519
0.468677
0.468835
0.468994
0.469154
0.469314
0.469475
0.469636
0.469798
0.469961
0.470124
0.470288
0.470453
0.470618
0.470783
0.470949
0.471116
0.471283
0.471451
0.47162
0.471789
0.471958
0.472129
0.472299
0.472471
0.472643
0.472815
0.472988
0.473161
0.473335
0.47351
0.473685
0.473861
0.474037
0.474214
0.474391
0.474569
0.474747
0.474926
0.475105
0.475285
0.475465
0.475646
0.475827
0.476009
0.476192
0.476374
0.476558
0.476741
0.476926
0.477111
0.477296
0.477481
0.477668
0.477854
0.478041
0.478229
0.478417
0.478605
0.478794
0.478984
0.479173
0.479364
0.479554
0.479745
0.479937
0.480129
0.480321
0.480514
0.480707
0.480901
0.481095
0.481289
0.481484
0.48168
0.481875
0.482071
0.482268
0.482464
0.482662
0.482859
0.483057
0.483255
0.483454
0.483653
0.483853
0.484052
0.484252
0.484453
0.484654
0.484855
0.485056
0.485258
0.48546
0.485663
0.485866
0.486069
0.486272
0.486476
0.48668
0.486884
0.487089
0.487294
0.487499
0.487705
0.48791
0.488117
0.488323
0.48853
0.488737
0.488944
0.489151
0.489359
0.489567
0.489775
0.489984
0.490192
0.490401
0.490611
0.49082
0.49103
0.49124
0.49145
0.49166
0.491871
0.492082
0.492293
0.492504
0.492715
0.492927
0.493138
0.49335
0.493563
0.493775
0.493987
0.4942
0.494413
0.494626
0.494839
0.495052
0.495266
0.49548
0.495693
0.495907
0.496121
0.496335
0.49655
0.496764
0.496979
0.497193
0.497408
0.497623
0.497838
0.498053
0.498268
0.498484
0.498699
0.498915
0.49913
0.499346
0.499561
0.499777
0.499993
0.500209
0.500425
0.500641
0.500857
0.501073
0.501289
0.501506
0.501722
0.501938
0.502154
0.502371
0.502587
0.502803
0.50302
0.503236
0.503452
0.503669
0.503885
0.504101
0.504318
0.504534
0.50475
0.504966
0.505183
0.505399
0.505615
0.505831
0.506047
0.506263
0.506479
0.506695
0.506911
0.507127
0.507342
0.507558
0.507773
0.507989
0.508204
0.50842
0.508635
0.50885
0.509065
0.50928
0.509494
0.509709
0.509924
0.510138
0.510352
0.510566
0.51078
0.510994
0.511208
0.511422
0.511635
0.511848
0.512062
0.512275
0.512487
0.5127
0.512912
0.513125
0.513337
0.513549
0.51376
0.513972
0.514183
0.514394
0.514605
0.514816
0.515027
0.515237
0.515447
0.515657
0.515866
0.516076
0.516285
0.516494
0.516702
0.516911
0.517119
0.517327
0.517535
0.517742
0.517949
0.518156
0.518362
0.518569
0.518775
0.51898
0.519186
0.519391
0.519596
0.5198
0.520005
0.520208
0.520412
0.520615
0.520818
0.521021
0.521223
0.521425
0.521627
0.521828
0.522029
0.52223
0.52243
0.52263
0.522829
0.523029
0.523227
0.523426
0.523624
0.523822
0.524019
0.524216
0.524412
0.524609
0.524804
0.525
0.525195
0.525389
0.525583
0.525777
0.52597
0.526163
0.526356
0.526548
0.526739
0.526931
0.527121
0.527312
0.527502
0.527691
0.52788
0.528069
0.528257
0.528444
0.528631
0.528818
0.529004
0.52919
0.529375
0.52956
0.529744
0.529928
0.530111
0.530294
0.530476
0.530658
0.530839
0.53102
0.5312
0.53138
0.531559
0.531738
0.531916
0.532094
0.532271
0.532448
0.532624
0.532799
0.532974
0.533149
0.533322
0.533496
0.533669
0.533841
0.534012
0.534183
0.534354
0.534524
0.534693
0.534862
0.53503
0.535198
0.535365
0.535531
0.535697
0.535862
0.536027
0.536191
0.536355
0.536517
0.53668
0.536841
0.537002
0.537163
0.537322
0.537481
0.53764
0.537798
0.537955
0.538112
0.538268
0.538423
0.538578
0.538732
0.538885
0.539038
0.53919
0.539341
0.539492
0.539642
0.539791
0.53994
0.540088
0.540236
0.540382
0.540528
0.540674
0.540818
0.540962
0.541106
0.541248
0.54139
0.541531
0.541672
0.541812
0.541951
0.542089
0.542227
0.542364
0.5425
0.542636
0.542771
0.542905
0.543038
0.543171
0.543303
0.543434
0.543564
0.543694
0.543823
0.543951
0.544079
0.544206
0.544332
0.544457
0.544582
0.544705
0.544828
0.544951
0.545072
0.545193
0.545313
0.545432
0.545551
0.545668
0.545785
0.545901
0.546017
0.546131
0.546245
0.546358
0.546471
0.546582
0.546693
0.546803
0.546912
0.54702
0.547128
0.547234
0.54734
0.547445
0.54755
0.547653
0.547756
0.547858
0.547959
0.54806
0.548159
0.548258
0.548356
0.548453
0.548549
0.548644
0.548739
0.548833
0.548926
0.549018
0.549109
0.5492
0.54929
0.549379
0.549467
0.549554
0.54964
0.549726
0.54981
0.549894
0.549977
0.550059
0.550141
0.550221
0.550301
0.55038
0.550458
0.550535
0.550611
0.550687
0.550761
0.550835
0.550908
0.55098
0.551051
0.551121
0.551191
0.551259
0.551327
0.551394
0.55146
0.551525
0.55159
0.551653
0.551716
0.551777
0.551838
0.551898
0.551957
0.552015
0.552073
0.552129
0.552185
0.55224
0.552294
0.552347
0.552399
0.55245
0.552501
0.55255
0.552599
0.552647
0.552693
0.552739
0.552785
0.552829
0.552872
0.552915
0.552956
0.552997
0.553037
0.553076
0.553114
0.553152
0.553188
0.553223
0.553258
0.553292
0.553325
0.553356
0.553388
0.553418
0.553447
0.553475
0.553503
0.55353
0.553555
0.55358
0.553604
0.553627
0.55365
0.553671
0.553691
0.553711
0.55373
0.553748
0.553765
0.553781
0.553796
0.55381
0.553823
0.553836
0.553848
0.553858
0.553868
0.553877
0.553885
0.553892
0.553899
0.553904
0.553909
0.553912
0.553915
0.553917
0.553918
0.553918
0.553918
0.553916
0.553914
0.55391
0.553906
0.553901
0.553895
0.553888
0.55388
0.553872
0.553862
0.553852
0.553841
0.553829
0.553816
0.553802
0.553787
0.553771
0.553755
0.553738
0.55372
0.5537
0.553681
0.55366
0.553638
0.553616
0.553592
0.553568
0.553543
0.553517
0.55349
0.553462
0.553434
0.553404
0.553374
0.553343
0.553311
0.553278
0.553245
0.55321
0.553175
0.553139
0.553101
0.553064
0.553025
0.552985
0.552945
0.552903
0.552861
0.552818
0.552775
0.55273
0.552684
0.552638
0.552591
0.552543
0.552494
0.552445
0.552394
0.552343
0.552291
0.552238
0.552184
0.55213
0.552074
0.552018
0.551961
0.551903
0.551844
0.551785
0.551725
0.551664
0.551602
0.551539
0.551476
0.551411
0.551346
0.55128
0.551214
0.551146
0.551078
0.551009
0.550939
0.550868
0.550797
0.550725
0.550652
0.550578
0.550503
0.550428
0.550352
0.550275
0.550197
0.550119
0.55004
0.54996
0.549879
0.549797
0.549715
0.549632
0.549548
0.549464
0.549379
0.549292
0.549206
0.549118
0.54903
0.548941
0.548851
0.548761
0.548669
0.548578
0.548485
0.548391
0.548297
0.548202
0.548107
0.548011
0.547914
0.547816
0.547717
0.547618
0.547518
0.547418
0.547316
0.547214
0.547112
0.547008
0.546904
0.546799
0.546694
0.546588
0.546481
0.546374
0.546265
0.546156
0.546047
0.545937
0.545826
0.545714
0.545602
0.545489
0.545376
0.545261
0.545146
0.545031
0.544915
0.544798
0.544681
0.544562
0.544444
0.544324
0.544204
0.544084
0.543962
0.54384
0.543718
0.543595
0.543471
0.543347
0.543222
0.543096
0.54297
0.542843
0.542716
0.542588
0.542459
0.54233
0.5422
0.54207
0.541939
0.541807
0.541675
0.541542
0.541409
0.541275
0.541141
0.541006
0.54087
0.540734
0.540598
0.54046
0.540323
0.540184
0.540046
0.539906
0.539766
0.539626
0.539485
0.539343
0.539201
0.539059
0.538916
0.538772
0.538628
0.538483
0.538338
0.538193
0.538046
0.5379
0.537753
0.537605
0.537457
0.537308
0.537159
0.53701
0.53686
0.536709
0.536558
0.536407
0.536255
0.536103
0.53595
0.535796
0.535643
0.535489
0.535334
0.535179
0.535023
0.534868
0.534711
0.534554
0.534397
0.53424
0.534082
0.533923
0.533764
0.533605
0.533445
0.533285
0.533125
0.532964
0.532803
0.532641
0.532479
0.532317
0.532154
0.531991
0.531827
0.531663
0.531499
0.531334
0.531169
0.531004
0.530838
0.530672
0.530506
0.530339
0.530172
0.530005
0.529837
0.529669
0.529501
0.529332
0.529163
0.528994
0.528824
0.528654
0.528484
0.528314
0.528143
0.527972
0.5278
0.527629
0.527457
0.527284
0.527112
0.526939
0.526766
0.526593
0.526419
0.526245
0.526071
0.525897
0.525722
0.525548
0.525373
0.525197
0.525022
0.524846
0.52467
0.524494
0.524317
0.524141
0.523964
0.523787
0.52361
0.523432
0.523255
0.523077
0.522899
0.522721
0.522542
0.522364
0.522185
0.522006
0.521827
0.521648
0.521468
0.521289
0.521109
0.520929
0.520749
0.520569
0.520388
0.520208
0.520027
0.519847
0.519666
0.519485
0.519304
0.519123
0.518941
0.51876
0.518578
0.518397
0.518215
0.518033
0.517851
0.51767
0.517487
0.517305
0.517123
0.516941
0.516758
0.516576
0.516394
0.516211
0.516028
0.515846
0.515663
0.51548
0.515298
0.515115
0.514932
0.514749
0.514566
0.514383
0.5142
0.514017
0.513834
0.513651
0.513468
0.513285
0.513102
0.512919
0.512736
0.512554
0.512371
0.512188
0.512005
0.511822
0.511639
0.511456
0.511273
0.511091
0.510908
0.510725
0.510543
0.51036
0.510178
0.509995
0.509813
0.509631
0.509448
0.509266
0.509084
0.508902
0.50872
0.508539
0.508357
0.508175
0.507994
0.507812
0.507631
0.50745
0.507269
0.507088
0.506907
0.506726
0.506545
0.506365
0.506184
0.506004
0.505824
0.505644
0.505464
0.505285
0.505105
0.504926
0.504747
0.504568
0.504389
0.50421
0.504031
0.503853
0.503675
0.503497
0.503319
0.503141
0.502964
0.502787
0.50261
0.502433
0.502256
0.50208
0.501904
0.501728
0.501552
0.501376
0.501201
0.501026
0.500851
0.500676
0.500502
0.500327
0.500154
0.49998
0.499806
0.499633
0.49946
0.499287
0.499115
0.498943
0.498771
0.498599
0.498428
0.498257
0.498086
0.497915
0.497745
0.497575
0.497405
0.497236
0.497067
0.496898
0.49673
0.496561
0.496393
0.496226
0.496059
0.495892
0.495725
0.495559
0.495393
0.495227
0.495062
0.494897
0.494732
0.494568
0.494404
0.49424
0.494077
0.493914
0.493751
0.493589
0.493427
0.493265
0.493104
0.492943
0.492783
0.492623
0.492463
0.492304
0.492145
0.491986
0.491828
0.49167
0.491513
0.491356
0.491199
0.491043
0.490887
0.490732
0.490577
0.490422
0.490268
0.490114
0.489961
0.489808
0.489656
0.489503
0.489352
0.489201
0.48905
0.488899
0.488749
0.4886
0.488451
0.488302
0.488154
0.488006
0.487859
0.487712
0.487566
0.48742
0.487274
0.487129
0.486985
0.486841
0.486697
0.486554
0.486411
0.486269
0.486127
0.485986
0.485845
0.485705
0.485565
0.485426
0.485287
0.485149
0.485011
0.484873
0.484736
0.4846
0.484464
0.484329
0.484194
0.48406
0.483926
0.483793
0.48366
0.483528
0.483396
0.483264
0.483134
0.483004
0.482874
0.482745
0.482616
0.482488
0.48236
0.482233
0.482107
0.481981
0.481856
0.481731
0.481606
0.481483
0.481359
0.481237
0.481115
0.480993
0.480872
0.480751
0.480632
0.480512
0.480393
0.480275
0.480158
0.48004
0.479924
0.479808
0.479693
0.479578
0.479464
0.47935
0.479237
0.479124
0.479012
0.478901
0.47879
0.47868
0.47857
0.478461
0.478353
0.478245
0.478138
0.478031
0.477925
0.47782
0.477715
0.477611
0.477507
0.477404
0.477302
0.4772
0.477098
0.476998
0.476898
0.476798
0.4767
0.476601
0.476504
0.476407
0.47631
0.476215
0.47612
0.476025
0.475931
0.475838
0.475745
0.475653
0.475562
0.475471
0.475381
0.475291
0.475202
0.475114
0.475027
0.47494
0.474853
0.474767
0.474682
0.474598
0.474514
0.474431
0.474348
0.474266
0.474185
0.474105
0.474025
0.473945
0.473866
0.473788
0.473711
0.473634
0.473558
0.473483
0.473408
0.473334
0.47326
0.473187
0.473115
0.473043
0.472972
0.472902
0.472832
0.472764
0.472695
0.472628
0.472561
0.472494
0.472428
0.472363
0.472299
0.472235
0.472172
0.47211
0.472048
0.471987
0.471927
0.471867
0.471808
0.471749
0.471692
0.471634
0.471578
0.471522
0.471467
0.471413
0.471359
0.471306
0.471253
0.471201
0.47115
0.4711
0.47105
0.471001
0.470952
0.470905
0.470858
0.470811
0.470765
0.47072
0.470676
0.470632
0.470589
0.470546
0.470505
0.470464
0.470423
0.470383
0.470344
0.470306
0.470268
0.470231
0.470195
0.470159
0.470124
0.470089
0.470056
0.470023
0.46999
0.469958
0.469927
0.469897
0.469867
0.469838
0.46981
0.469782
0.469755
0.469729
0.469703
0.469678
0.469654
0.46963
0.469607
0.469585
0.469563
0.469542
0.469522
0.469502
0.469483
0.469464
0.469447
0.46943
0.469413
0.469398
0.469383
0.469368
0.469355
0.469342
0.469329
0.469318
0.469307
0.469296
0.469287
0.469277
0.469269
0.469261
0.469254
0.469248
0.469242
0.469237
0.469233
0.469229
0.469226
0.469223
0.469222
0.46922
0.46922
0.46922
0.469221
0.469223
0.469225
0.469227
0.469231
0.469235
0.46924
0.469245
0.469251
0.469258
0.469265
0.469273
0.469282
0.469291
0.469301
0.469312
0.469323
0.469335
0.469347
0.469361
0.469374
0.469389
0.469404
0.46942
0.469436
0.469453
0.469471
0.469489
0.469508
0.469527
0.469548
0.469568
0.46959
0.469612
0.469635
0.469658
0.469682
0.469707
0.469732
0.469758
0.469784
0.469811
0.469839
0.469867
0.469896
0.469926
0.469956
0.469987
0.470018
0.47005
0.470083
0.470116
0.47015
0.470185
0.47022
0.470256
0.470292
0.470329
0.470366
0.470405
0.470443
0.470483
0.470523
0.470563
0.470604
0.470646
0.470689
0.470732
0.470775
0.470819
0.470864
0.470909
0.470955
0.471002
0.471049
0.471097
0.471145
0.471194
0.471243
0.471293
0.471344
0.471395
0.471447
0.471499
0.471552
0.471606
0.47166
0.471714
0.47177
0.471825
0.471882
0.471939
0.471996
0.472054
0.472113
0.472172
0.472232
0.472292
0.472353
0.472414
0.472476
0.472539
0.472602
0.472666
0.47273
0.472795
0.47286
0.472926
0.472992
0.473059
0.473126
0.473194
0.473263
0.473332
0.473402
0.473472
0.473542
0.473614
0.473685
0.473758
0.47383
0.473904
0.473978
0.474052
0.474127
0.474202
0.474278
0.474354
0.474431
0.474509
0.474587
0.474665
0.474744
0.474824
0.474904
0.474984
0.475065
0.475147
0.475229
0.475311
0.475394
0.475478
0.475562
0.475646
0.475731
0.475816
0.475902
0.475989
0.476076
0.476163
0.476251
0.476339
0.476428
0.476517
0.476607
0.476697
0.476788
0.476879
0.476971
0.477063
0.477155
0.477248
0.477342
0.477436
0.47753
0.477625
0.47772
0.477816
0.477912
0.478008
0.478106
0.478203
0.478301
0.478399
0.478498
0.478597
0.478697
0.478797
0.478898
0.478999
0.4791
0.479202
0.479304
0.479407
0.47951
0.479613
0.479717
0.479822
0.479926
0.480032
0.480137
0.480243
0.48035
0.480456
0.480564
0.480671
0.480779
0.480887
0.480996
0.481105
0.481215
0.481325
0.481435
0.481546
0.481657
0.481769
0.48188
0.481993
0.482105
0.482218
0.482332
0.482445
0.482559
0.482674
0.482789
0.482904
0.483019
0.483135
0.483252
0.483368
0.483485
0.483602
0.48372
0.483838
0.483956
0.484075
0.484194
0.484313
0.484433
0.484553
0.484674
0.484794
0.484915
0.485037
0.485158
0.48528
0.485403
0.485525
0.485648
0.485772
0.485895
0.486019
0.486143
0.486268
0.486393
0.486518
0.486643
0.486769
0.486895
0.487021
0.487148
0.487275
0.487402
0.48753
0.487657
0.487785
0.487914
0.488042
0.488171
0.4883
0.48843
0.48856
0.48869
0.48882
0.48895
0.489081
0.489212
0.489343
0.489475
0.489607
0.489739
0.489871
0.490004
0.490137
0.49027
0.490403
0.490536
0.49067
0.490804
0.490939
0.491073
0.491208
0.491343
0.491478
0.491613
0.491749
0.491885
0.492021
0.492157
0.492294
0.49243
0.492567
0.492704
0.492842
0.492979
0.493117
0.493255
0.493393
0.493531
0.49367
0.493809
0.493947
0.494087
0.494226
0.494365
0.494505
0.494645
0.494785
0.494925
0.495065
0.495206
0.495347
0.495487
0.495628
0.49577
0.495911
0.496052
0.496194
0.496336
0.496478
0.49662
0.496762
0.496905
0.497047
0.49719
0.497333
0.497476
0.497619
0.497762
0.497906
0.498049
0.498193
0.498337
0.498481
0.498625
0.498769
0.498913
0.499057
0.499202
0.499346
0.499491
0.499636
0.499781
0.499926
0.500071
0.500216
0.500362
0.500507
0.500653
0.500798
0.500944
0.50109
0.501236
0.501382
0.501528
0.501674
0.50182
0.501966
0.502112
0.502259
0.502405
0.502552
0.502699
0.502845
0.502992
0.503139
0.503286
0.503432
0.503579
0.503726
0.503874
0.504021
0.504168
0.504315
0.504462
0.504609
0.504757
0.504904
0.505051
0.505199
0.505346
0.505494
0.505641
0.505789
0.505936
0.506084
0.506231
0.506379
0.506527
0.506674
0.506822
0.506969
0.507117
0.507265
0.507412
0.50756
0.507707
0.507855
0.508003
0.50815
0.508298
0.508445
0.508593
0.50874
0.508888
0.509035
0.509183
0.50933
0.509478
0.509625
0.509772
0.50992
0.510067
0.510214
0.510361
0.510508
0.510656
0.510803
0.51095
0.511097
0.511244
0.51139
0.511537
0.511684
0.511831
0.511977
0.512124
0.51227
0.512417
0.512563
0.512709
0.512856
0.513002
0.513148
0.513294
0.51344
0.513585
0.513731
0.513877
0.514022
0.514168
0.514313
0.514458
0.514604
0.514749
0.514894
0.515039
0.515183
0.515328
0.515473
0.515617
0.515761
0.515906
0.51605
0.516194
0.516338
0.516481
0.516625
0.516768
0.516912
0.517055
0.517198
0.517341
0.517484
0.517627
0.517769
0.517912
0.518054
0.518196
0.518338
0.51848
0.518622
0.518763
0.518905
0.519046
0.519187
0.519328
0.519469
0.51961
0.51975
0.51989
0.52003
0.52017
0.52031
0.52045
0.520589
0.520728
0.520867
0.521006
0.521145
0.521284
0.521422
0.52156
0.521698
0.521836
0.521974
0.522111
0.522248
0.522385
0.522522
0.522659
0.522795
0.522931
0.523067
0.523203
0.523338
0.523474
0.523609
0.523744
0.523879
0.524013
0.524147
0.524281
0.524415
0.524549
0.524682
0.524815
0.524948
0.525081
0.525213
0.525346
0.525478
0.525609
0.525741
0.525872
0.526003
0.526134
0.526264
0.526395
0.526525
0.526654
0.526784
0.526913
0.527042
0.527171
0.527299
0.527428
0.527555
0.527683
0.527811
0.527938
0.528065
0.528191
0.528318
0.528444
0.528569
0.528695
0.52882
0.528945
0.52907
0.529194
0.529318
0.529442
0.529565
0.529689
0.529812
0.529934
0.530057
0.530179
0.5303
0.530422
0.530543
0.530664
0.530784
0.530904
0.531024
0.531144
0.531263
0.531382
0.531501
0.531619
0.531737
0.531855
0.531972
0.532089
0.532206
0.532323
0.532439
0.532554
0.53267
0.532785
0.5329
0.533014
0.533128
0.533242
0.533356
0.533469
0.533581
0.533694
0.533806
0.533918
0.534029
0.53414
0.534251
0.534361
0.534471
0.534581
0.53469
0.534799
0.534908
0.535016
0.535124
0.535231
0.535338
0.535445
0.535551
0.535657
0.535763
0.535868
0.535973
0.536078
0.536182
0.536286
0.536389
0.536492
0.536595
0.536697
0.536799
0.536901
0.537002
0.537103
0.537203
0.537303
0.537403
0.537502
0.537601
0.537699
0.537797
0.537895
0.537992
0.538089
0.538185
0.538281
0.538377
0.538472
0.538567
0.538661
0.538755
0.538849
0.538942
0.539035
0.539128
0.53922
0.539311
0.539402
0.539493
0.539583
0.539673
0.539763
0.539852
0.53994
0.540029
0.540117
0.540204
0.540291
0.540377
0.540464
0.540549
0.540634
0.540719
0.540804
0.540888
0.540971
0.541054
0.541137
0.541219
0.541301
0.541382
0.541463
0.541544
0.541624
0.541703
0.541782
0.541861
0.541939
0.542017
0.542094
0.542171
0.542248
0.542324
0.542399
0.542474
0.542549
0.542623
0.542697
0.54277
0.542843
0.542915
0.542987
0.543059
0.543129
0.5432
0.54327
0.54334
0.543409
0.543477
0.543546
0.543613
0.543681
0.543747
0.543814
0.543879
0.543945
0.54401
0.544074
0.544138
0.544202
0.544265
0.544327
0.544389
0.544451
0.544512
0.544572
0.544632
0.544692
0.544751
0.54481
0.544868
0.544926
0.544983
0.54504
0.545096
0.545152
0.545207
0.545262
0.545316
0.54537
0.545423
0.545476
0.545528
0.54558
0.545632
0.545682
0.545733
0.545783
0.545832
0.545881
0.545929
0.545977
0.546024
0.546071
0.546118
0.546164
0.546209
0.546254
0.546298
0.546342
0.546385
0.546428
0.54647
0.546512
0.546554
0.546594
0.546635
0.546675
0.546714
0.546753
0.546791
0.546829
0.546866
0.546903
0.546939
0.546975
0.54701
0.547045
0.547079
0.547112
0.547146
0.547178
0.54721
0.547242
0.547273
0.547304
0.547334
0.547363
0.547392
0.547421
0.547449
0.547476
0.547503
0.54753
0.547555
0.547581
0.547606
0.54763
0.547654
0.547677
0.5477
0.547722
0.547744
0.547765
0.547786
0.547806
0.547826
0.547845
0.547863
0.547881
0.547899
0.547916
0.547932
0.547948
0.547964
0.547979
0.547993
0.548007
0.54802
0.548033
0.548045
0.548057
0.548068
0.548079
0.548089
0.548098
0.548107
0.548116
0.548124
0.548132
0.548138
0.548145
0.548151
0.548156
0.548161
0.548165
0.548169
0.548172
0.548175
0.548177
0.548179
0.54818
0.54818
0.548181
0.54818
0.548179
0.548177
0.548175
0.548173
0.54817
0.548166
0.548162
0.548157
0.548152
0.548146
0.54814
0.548133
0.548125
0.548117
0.548109
0.5481
0.54809
0.54808
0.54807
0.548058
0.548047
0.548035
0.548022
0.548008
0.547995
0.54798
0.547965
0.54795
0.547934
0.547918
0.547901
0.547883
0.547865
0.547846
0.547827
0.547808
0.547787
0.547767
0.547746
0.547724
0.547701
0.547679
0.547655
0.547631
0.547607
0.547582
0.547556
0.54753
0.547504
0.547477
0.547449
0.547421
0.547392
0.547363
0.547333
0.547303
0.547272
0.547241
0.547209
0.547177
0.547144
0.547111
0.547077
0.547042
0.547007
0.546972
0.546936
0.546899
0.546862
0.546825
0.546786
0.546748
0.546709
0.546669
0.546629
0.546588
0.546547
0.546505
0.546463
0.54642
0.546377
0.546333
0.546288
0.546244
0.546198
0.546152
0.546106
0.546059
0.546011
0.545963
0.545915
0.545866
0.545816
0.545766
0.545716
0.545665
0.545613
0.545561
0.545509
0.545456
0.545402
0.545348
0.545293
0.545238
0.545182
0.545126
0.54507
0.545013
0.544955
0.544897
0.544838
0.544779
0.544719
0.544659
0.544598
0.544537
0.544476
0.544413
0.544351
0.544288
0.544224
0.54416
0.544095
0.54403
0.543964
0.543898
0.543832
0.543764
0.543697
0.543629
0.54356
0.543491
0.543421
0.543351
0.543281
0.54321
0.543138
0.543066
0.542994
0.542921
0.542847
0.542773
0.542699
0.542624
0.542549
0.542473
0.542397
0.54232
0.542242
0.542165
0.542087
0.542008
0.541929
0.541849
0.541769
0.541688
0.541607
0.541526
0.541444
0.541361
0.541278
0.541195
0.541111
0.541027
0.540942
0.540857
0.540771
0.540685
0.540598
0.540511
0.540424
0.540336
0.540247
0.540158
0.540069
0.539979
0.539889
0.539798
0.539707
0.539615
0.539523
0.539431
0.539338
0.539244
0.539151
0.539056
0.538962
0.538867
0.538771
0.538675
0.538578
0.538482
0.538384
0.538287
0.538188
0.53809
0.537991
0.537891
0.537791
0.537691
0.53759
0.537489
0.537387
0.537285
0.537183
0.53708
0.536977
0.536873
0.536769
0.536664
0.53656
0.536454
0.536348
0.536242
0.536136
0.536029
0.535921
0.535813
0.535705
0.535597
0.535488
0.535378
0.535268
0.535158
0.535048
0.534937
0.534825
0.534713
0.534601
0.534489
0.534376
0.534262
0.534149
0.534035
0.53392
0.533805
0.53369
0.533574
0.533458
0.533342
0.533225
0.533108
0.532991
0.532873
0.532754
0.532636
0.532517
0.532397
0.532278
0.532158
0.532037
0.531916
0.531795
0.531674
0.531552
0.53143
0.531307
0.531184
0.531061
0.530937
0.530813
0.530689
0.530564
0.530439
0.530314
0.530188
0.530062
0.529936
0.529809
0.529682
0.529555
0.529427
0.529299
0.529171
0.529042
0.528913
0.528784
0.528654
0.528524
0.528394
0.528263
0.528132
0.528001
0.527869
0.527738
0.527605
0.527473
0.52734
0.527207
0.527074
0.52694
0.526806
0.526672
0.526537
0.526402
0.526267
0.526132
0.525996
0.52586
0.525724
0.525587
0.52545
0.525313
0.525175
0.525038
0.5249
0.524761
0.524623
0.524484
0.524345
0.524206
0.524066
0.523926
0.523786
0.523646
0.523505
0.523364
0.523223
0.523081
0.52294
0.522798
0.522655
0.522513
0.52237
0.522227
0.522084
0.521941
0.521797
0.521653
0.521509
0.521365
0.52122
0.521075
0.52093
0.520785
0.520639
0.520494
0.520348
0.520202
0.520055
0.519909
0.519762
0.519615
0.519468
0.51932
0.519172
0.519025
0.518877
0.518728
0.51858
0.518431
0.518282
0.518133
0.517984
0.517835
0.517685
0.517535
0.517385
0.517235
0.517085
0.516934
0.516784
0.516633
0.516482
0.516331
0.516179
0.516028
0.515876
0.515724
0.515572
0.51542
0.515268
0.515115
0.514963
0.51481
0.514657
0.514504
0.51435
0.514197
0.514044
0.51389
0.513736
0.513582
0.513428
0.513274
0.51312
0.512965
0.512811
0.512656
0.512501
0.512346
0.512191
0.512036
0.511881
0.511725
0.51157
0.511414
0.511258
0.511103
0.510947
0.510791
0.510635
0.510478
0.510322
0.510166
0.510009
0.509853
0.509696
0.509539
0.509383
0.509226
0.509069
0.508912
0.508755
0.508597
0.50844
0.508283
0.508125
0.507968
0.507811
0.507653
0.507495
0.507338
0.50718
0.507022
0.506865
0.506707
0.506549
0.506391
0.506233
0.506075
0.505917
0.505759
0.505601
0.505443
0.505284
0.505126
0.504968
0.50481
0.504652
0.504493
0.504335
0.504177
0.504019
0.50386
0.503702
0.503544
0.503386
0.503227
0.503069
0.502911
0.502753
0.502594
0.502436
0.502278
0.50212
0.501962
0.501803
0.501645
0.501487
0.501329
0.501171
0.501013
0.500855
0.500697
0.500539
0.500381
0.500224
0.500066
0.499908
0.499751
0.499593
0.499435
0.499278
0.499121
0.498963
0.498806
0.498649
0.498492
0.498334
0.498177
0.49802
0.497864
0.497707
0.49755
0.497394
0.497237
0.497081
0.496924
0.496768
0.496612
0.496456
0.4963
0.496144
0.495988
0.495833
0.495677
0.495522
0.495366
0.495211
0.495056
0.494901
0.494746
0.494592
0.494437
0.494283
0.494128
0.493974
0.49382
0.493666
0.493513
0.493359
0.493205
0.493052
0.492899
0.492746
0.492593
0.49244
0.492288
0.492136
0.491983
0.491831
0.491679
0.491528
0.491376
0.491225
0.491074
0.490923
0.490772
0.490621
0.490471
0.49032
0.49017
0.49002
0.489871
0.489721
0.489572
0.489423
0.489274
0.489125
0.488977
0.488829
0.488681
0.488533
0.488385
0.488238
0.488091
0.487944
0.487797
0.487651
0.487504
0.487358
0.487213
0.487067
0.486922
0.486777
0.486632
0.486487
0.486343
0.486199
0.486055
0.485912
0.485768
0.485625
0.485483
0.48534
0.485198
0.485056
0.484914
0.484773
0.484632
0.484491
0.48435
0.48421
0.48407
0.48393
0.483791
0.483652
0.483513
0.483374
0.483236
0.483098
0.482961
0.482823
0.482686
0.48255
0.482413
0.482277
0.482141
0.482006
0.481871
0.481736
0.481602
0.481467
0.481334
0.4812
0.481067
0.480934
0.480802
0.48067
0.480538
0.480406
0.480275
0.480145
0.480014
0.479884
0.479755
0.479625
0.479496
0.479368
0.47924
0.479112
0.478984
0.478857
0.47873
0.478604
0.478478
0.478352
0.478227
0.478102
0.477978
0.477854
0.47773
0.477607
0.477484
0.477362
0.47724
0.477118
0.476997
0.476876
0.476755
0.476635
0.476516
0.476396
0.476278
0.476159
0.476041
0.475924
0.475807
0.47569
0.475574
0.475458
0.475343
0.475228
0.475113
0.474999
0.474885
0.474772
0.47466
0.474547
0.474435
0.474324
0.474213
0.474103
0.473993
0.473883
0.473774
0.473665
0.473557
0.473449
0.473342
0.473235
0.473129
0.473023
0.472918
0.472813
0.472709
0.472605
0.472502
0.472399
0.472296
0.472194
0.472093
0.471992
0.471891
0.471792
0.471692
0.471593
0.471495
0.471397
0.471299
0.471202
0.471106
0.47101
0.470915
0.47082
0.470726
0.470632
0.470539
0.470446
0.470354
0.470262
0.470171
0.47008
0.46999
0.469901
0.469812
0.469723
0.469635
0.469548
0.469461
0.469375
0.469289
0.469204
0.469119
0.469035
0.468951
0.468868
0.468786
0.468704
0.468623
0.468542
0.468462
0.468382
0.468303
0.468225
0.468147
0.46807
0.467993
0.467917
0.467841
0.467766
0.467692
0.467618
0.467545
0.467472
0.4674
0.467329
0.467258
0.467188
0.467118
0.467049
0.466981
0.466913
0.466845
0.466779
0.466713
0.466647
0.466582
0.466518
0.466455
0.466392
0.466329
0.466268
0.466206
0.466146
0.466086
0.466027
0.465968
0.46591
0.465853
0.465796
0.46574
0.465684
0.465629
0.465575
0.465521
0.465468
0.465416
0.465364
0.465313
0.465263
0.465213
0.465164
0.465115
0.465067
0.46502
0.464974
0.464928
0.464883
0.464838
0.464794
0.464751
0.464708
0.464666
0.464625
0.464584
0.464544
0.464505
0.464466
0.464428
0.464391
0.464354
0.464318
0.464283
0.464248
0.464214
0.464181
0.464149
0.464117
0.464085
0.464055
0.464025
0.463996
0.463967
0.463939
0.463912
0.463885
0.46386
0.463834
0.46381
0.463786
0.463763
0.463741
0.463719
0.463698
0.463678
0.463658
0.463639
0.463621
0.463604
0.463587
0.463571
0.463555
0.46354
0.463526
0.463513
0.4635
0.463489
0.463477
0.463467
0.463457
0.463448
0.463439
0.463432
0.463425
0.463419
0.463413
0.463408
0.463404
0.463401
0.463398
0.463396
0.463395
0.463394
0.463394
0.463395
0.463396
0.463399
0.463402
0.463405
0.46341
0.463415
0.463421
0.463427
0.463435
0.463443
0.463452
0.463461
0.463471
0.463482
0.463494
0.463506
0.463519
0.463533
0.463548
0.463563
0.463579
0.463595
0.463613
0.463631
0.46365
0.46367
0.46369
0.463711
0.463733
0.463755
0.463778
0.463802
0.463827
0.463853
0.463879
0.463906
0.463933
0.463962
0.463991
0.46402
0.464051
0.464082
0.464114
0.464147
0.46418
0.464214
0.464249
0.464285
0.464321
0.464358
0.464396
0.464435
0.464474
0.464514
0.464555
0.464596
0.464638
0.464681
0.464725
0.464769
0.464814
0.46486
0.464907
0.464954
0.465002
0.465051
0.4651
0.46515
0.465201
0.465253
0.465305
0.465358
0.465412
0.465467
0.465522
0.465578
0.465635
0.465692
0.46575
0.465809
0.465869
0.465929
0.46599
0.466052
0.466114
0.466178
0.466242
0.466306
0.466372
0.466438
0.466504
0.466572
0.46664
0.466709
0.466779
0.466849
0.46692
0.466992
0.467065
0.467138
0.467212
0.467286
0.467362
0.467438
0.467514
0.467592
0.46767
0.467749
0.467829
0.467909
0.46799
0.468072
0.468154
0.468237
0.468321
0.468405
0.46849
0.468576
0.468663
0.46875
0.468838
0.468927
0.469016
0.469106
0.469197
0.469288
0.46938
0.469473
0.469567
0.469661
0.469756
0.469851
0.469947
0.470044
0.470142
0.47024
0.470339
0.470439
0.470539
0.47064
0.470741
0.470844
0.470946
0.47105
0.471154
0.471259
0.471365
0.471471
0.471578
0.471686
0.471794
0.471903
0.472012
0.472122
0.472233
0.472345
0.472457
0.47257
0.472683
0.472797
0.472912
0.473027
0.473143
0.47326
0.473377
0.473495
0.473614
0.473733
0.473853
0.473973
0.474094
0.474216
0.474338
0.474461
0.474585
0.474709
0.474834
0.474959
0.475085
0.475212
0.475339
0.475467
0.475595
0.475724
0.475854
0.475984
0.476115
0.476246
0.476378
0.476511
0.476644
0.476778
0.476912
0.477047
0.477183
0.477319
0.477456
0.477593
0.477731
0.477869
0.478008
0.478148
0.478288
0.478429
0.47857
0.478712
0.478854
0.478997
0.479141
0.479285
0.479429
0.479574
0.47972
0.479866
0.480013
0.48016
0.480308
0.480456
0.480605
0.480755
0.480905
0.481055
0.481206
0.481358
0.48151
0.481662
0.481815
0.481969
0.482123
0.482277
0.482432
0.482588
0.482744
0.482901
0.483058
0.483215
0.483373
0.483532
0.483691
0.48385
0.48401
0.484171
0.484332
0.484493
0.484655
0.484817
0.48498
0.485143
0.485307
0.485471
0.485635
0.485801
0.485966
0.486132
0.486298
0.486465
0.486632
0.4868
0.486968
0.487137
0.487306
0.487475
0.487645
0.487815
0.487986
0.488157
0.488328
0.4885
0.488672
0.488845
0.489018
0.489191
0.489365
0.489539
0.489714
0.489889
0.490064
0.49024
0.490416
0.490592
0.490769
0.490946
0.491124
0.491302
0.49148
0.491659
0.491838
0.492017
0.492197
0.492377
0.492557
0.492738
0.492919
0.4931
0.493282
0.493463
0.493646
0.493828
0.494011
0.494194
0.494378
0.494562
0.494746
0.49493
0.495115
0.4953
0.495485
0.495671
0.495857
0.496043
0.496229
0.496416
0.496603
0.49679
0.496978
0.497165
0.497353
0.497542
0.49773
0.497919
0.498108
0.498297
0.498486
0.498676
0.498866
0.499056
0.499247
0.499437
0.499628
0.499819
0.50001
0.500201
0.500393
0.500585
0.500777
0.500969
0.501161
0.501354
0.501547
0.50174
0.501933
0.502126
0.50232
0.502513
0.502707
0.502901
0.503095
0.503289
0.503484
0.503678
0.503873
0.504068
0.504263
0.504458
0.504653
0.504848
0.505044
0.505239
0.505435
0.505631
0.505827
0.506023
0.506219
0.506415
0.506611
0.506808
0.507004
0.507201
0.507397
0.507594
0.507791
0.507988
0.508184
0.508381
0.508579
0.508776
0.508973
0.50917
0.509367
0.509564
0.509762
0.509959
0.510156
0.510354
0.510551
0.510749
0.510946
0.511144
0.511341
0.511539
0.511736
0.511934
0.512131
0.512328
0.512526
0.512723
0.512921
0.513118
0.513316
0.513513
0.51371
0.513907
0.514105
0.514302
0.514499
0.514696
0.514893
0.51509
0.515287
0.515484
0.515681
0.515877
0.516074
0.516271
0.516467
0.516663
0.51686
0.517056
0.517252
0.517448
0.517644
0.51784
0.518035
0.518231
0.518426
0.518622
0.518817
0.519012
0.519207
0.519402
0.519596
0.519791
0.519985
0.52018
0.520374
0.520568
0.520761
0.520955
0.521148
0.521342
0.521535
0.521728
0.52192
0.522113
0.522305
0.522497
0.522689
0.522881
0.523073
0.523264
0.523455
0.523646
0.523837
0.524028
0.524218
0.524408
0.524598
0.524787
0.524977
0.525166
0.525355
0.525543
0.525732
0.52592
0.526108
0.526295
0.526483
0.52667
0.526857
0.527043
0.527229
0.527415
0.527601
0.527787
0.527972
0.528156
0.528341
0.528525
0.528709
0.528893
0.529076
0.529259
0.529442
0.529624
0.529806
0.529988
0.530169
0.53035
0.530531
0.530712
0.530892
0.531071
0.531251
0.53143
0.531608
0.531786
0.531964
0.532142
0.532319
0.532496
0.532672
0.532848
0.533024
0.533199
0.533374
0.533549
0.533723
0.533897
0.53407
0.534243
0.534415
0.534587
0.534759
0.53493
0.535101
0.535272
0.535442
0.535611
0.53578
0.535949
0.536117
0.536285
0.536453
0.53662
0.536786
0.536952
0.537118
0.537283
0.537447
0.537612
0.537775
0.537939
0.538101
0.538264
0.538426
0.538587
0.538748
0.538908
0.539068
0.539228
0.539386
0.539545
0.539703
0.53986
0.540017
0.540173
0.540329
0.540485
0.54064
0.540794
0.540948
0.541101
0.541254
0.541406
0.541558
0.541709
0.541859
0.542009
0.542159
0.542308
0.542456
0.542604
0.542751
0.542898
0.543044
0.54319
0.543335
0.543479
0.543623
0.543767
0.543909
0.544052
0.544193
0.544334
0.544475
0.544614
0.544754
0.544892
0.54503
0.545168
0.545305
0.545441
0.545577
0.545712
0.545846
0.54598
0.546113
0.546246
0.546377
0.546509
0.54664
0.54677
0.546899
0.547028
0.547156
0.547284
0.54741
0.547537
0.547662
0.547787
0.547912
0.548035
0.548158
0.548281
0.548402
0.548523
0.548644
0.548764
0.548883
0.549001
0.549119
0.549236
0.549352
0.549468
0.549583
0.549697
0.549811
0.549924
0.550036
0.550148
0.550259
0.550369
0.550478
0.550587
0.550695
0.550803
0.55091
0.551016
0.551121
0.551226
0.55133
0.551433
0.551535
0.551637
0.551738
0.551839
0.551938
0.552037
0.552135
0.552233
0.55233
0.552426
0.552521
0.552616
0.552709
0.552802
0.552895
0.552986
0.553077
0.553168
0.553257
0.553346
0.553434
0.553521
0.553607
0.553693
0.553778
0.553862
0.553945
0.554028
0.55411
0.554191
0.554272
0.554351
0.55443
0.554508
0.554586
0.554662
0.554738
0.554813
0.554888
0.554961
0.555034
0.555106
0.555177
0.555248
0.555317
0.555386
0.555454
0.555522
0.555588
0.555654
0.555719
0.555783
0.555847
0.555909
0.555971
0.556032
0.556092
0.556152
0.556211
0.556269
0.556326
0.556382
0.556438
0.556492
0.556546
0.556599
0.556652
0.556703
0.556754
0.556804
0.556853
0.556902
0.556949
0.556996
0.557042
0.557087
0.557131
0.557175
0.557218
0.55726
0.557301
0.557341
0.557381
0.557419
0.557457
0.557494
0.557531
0.557566
0.557601
0.557635
0.557668
0.5577
0.557731
0.557762
0.557792
0.557821
0.557849
0.557876
0.557903
0.557928
0.557953
0.557977
0.558001
0.558023
0.558045
0.558066
0.558086
0.558105
0.558123
0.558141
0.558157
0.558173
0.558189
0.558203
0.558216
0.558229
0.558241
0.558252
0.558262
0.558271
0.55828
0.558288
0.558295
0.558301
0.558306
0.558311
0.558314
0.558317
0.558319
0.558321
0.558321
0.558321
0.558319
0.558317
0.558314
0.558311
0.558306
0.558301
0.558295
0.558288
0.55828
0.558272
0.558262
0.558252
0.558241
0.558229
0.558217
0.558203
0.558189
0.558174
0.558158
0.558142
0.558124
0.558106
0.558087
0.558067
0.558046
0.558025
0.558003
0.55798
0.557956
0.557931
0.557906
0.557879
0.557852
0.557824
0.557796
0.557766
0.557736
0.557705
0.557673
0.55764
0.557607
0.557573
0.557538
0.557502
0.557465
0.557428
0.55739
0.557351
0.557311
0.55727
0.557229
0.557187
0.557144
0.5571
0.557056
0.557011
0.556965
0.556918
0.55687
0.556822
0.556773
0.556723
0.556672
0.556621
0.556569
0.556516
0.556462
0.556407
0.556352
0.556296
0.556239
0.556182
0.556124
0.556065
0.556005
0.555944
0.555883
0.555821
0.555758
0.555695
0.55563
0.555565
0.5555
0.555433
0.555366
0.555298
0.555229
0.55516
0.555089
0.555018
0.554947
0.554874
0.554801
0.554727
0.554653
0.554578
0.554502
0.554425
0.554347
0.554269
0.55419
0.554111
0.554031
0.55395
0.553868
0.553785
0.553702
0.553618
0.553534
0.553449
0.553363
0.553276
0.553189
0.553101
0.553012
0.552923
0.552833
0.552742
0.552651
0.552559
0.552466
0.552373
0.552279
0.552184
0.552088
0.551992
0.551896
0.551798
0.5517
0.551601
0.551502
0.551402
0.551301
0.5512
0.551098
0.550995
0.550892
0.550788
0.550684
0.550578
0.550473
0.550366
0.550259
0.550152
0.550043
0.549934
0.549825
0.549715
0.549604
0.549493
0.549381
0.549268
0.549155
0.549041
0.548927
0.548812
0.548696
0.54858
0.548463
0.548346
0.548228
0.54811
0.54799
0.547871
0.547751
0.54763
0.547509
0.547387
0.547264
0.547141
0.547018
0.546893
0.546769
0.546643
0.546518
0.546391
0.546264
0.546137
0.546009
0.545881
0.545752
0.545622
0.545492
0.545362
0.545231
0.545099
0.544967
0.544834
0.544701
0.544567
0.544433
0.544299
0.544164
0.544028
0.543892
0.543755
0.543618
0.543481
0.543343
0.543204
0.543065
0.542926
0.542786
0.542646
0.542505
0.542364
0.542222
0.54208
0.541937
0.541794
0.541651
0.541507
0.541362
0.541218
0.541072
0.540927
0.540781
0.540634
0.540487
0.54034
0.540192
0.540044
0.539896
0.539747
0.539598
0.539448
0.539298
0.539147
0.538997
0.538845
0.538694
0.538542
0.538389
0.538237
0.538084
0.53793
0.537776
0.537622
0.537468
0.537313
0.537158
0.537002
0.536846
0.53669
0.536534
0.536377
0.53622
0.536062
0.535905
0.535747
0.535588
0.535429
0.53527
0.535111
0.534952
0.534792
0.534632
0.534471
0.53431
0.534149
0.533988
0.533827
0.533665
0.533503
0.53334
0.533178
0.533015
0.532852
0.532688
0.532525
0.532361
0.532197
0.532033
0.531868
0.531704
0.531539
0.531374
0.531208
0.531043
0.530877
0.530711
0.530545
0.530378
0.530212
0.530045
0.529878
0.529711
0.529544
0.529376
0.529209
0.529041
0.528873
0.528705
0.528536
0.528368
0.5282
0.528031
0.527862
0.527693
0.527524
0.527355
0.527185
0.527016
0.526846
0.526677
0.526507
0.526337
0.526167
0.525997
0.525827
0.525656
0.525486
0.525315
0.525145
0.524974
0.524804
0.524633
0.524462
0.524291
0.52412
0.523949
0.523778
0.523607
0.523436
0.523265
0.523094
0.522922
0.522751
0.52258
0.522409
0.522237
0.522066
0.521895
0.521723
0.521552
0.521381
0.521209
0.521038
0.520867
0.520696
0.520524
0.520353
0.520182
0.520011
0.51984
0.519669
0.519498
0.519327
0.519156
0.518985
0.518814
0.518643
0.518473
0.518302
0.518132
0.517961
0.517791
0.517621
0.51745
0.51728
0.51711
0.516941
0.516771
0.516601
0.516432
0.516262
0.516093
0.515924
0.515755
0.515586
0.515417
0.515248
0.51508
0.514912
0.514743
0.514575
0.514407
0.51424
0.514072
0.513905
0.513738
0.513571
0.513404
0.513237
0.513071
0.512905
0.512738
0.512573
0.512407
0.512242
0.512076
0.511911
0.511746
0.511582
0.511418
0.511253
0.51109
0.510926
0.510763
0.510599
0.510436
0.510274
0.510111
0.509949
0.509787
0.509626
0.509464
0.509303
0.509143
0.508982
0.508822
0.508662
0.508502
0.508343
0.508184
0.508025
0.507867
0.507709
0.507551
0.507393
0.507236
0.507079
0.506923
0.506767
0.506611
0.506455
0.5063
0.506145
0.505991
0.505837
0.505683
0.50553
0.505377
0.505224
0.505072
0.50492
0.504768
0.504617
0.504466
0.504316
0.504166
0.504017
0.503867
0.503719
0.50357
0.503422
0.503275
0.503128
0.502981
0.502834
0.502689
0.502543
0.502398
0.502254
0.502109
0.501966
0.501822
0.50168
0.501537
0.501395
0.501254
0.501113
0.500973
0.500832
0.500693
0.500554
0.500415
0.500277
0.500139
0.500002
0.499866
0.499729
0.499594
0.499459
0.499324
0.49919
0.499056
0.498923
0.49879
0.498658
0.498527
0.498395
0.498265
0.498135
0.498005
0.497877
0.497748
0.49762
0.497493
0.497366
0.49724
0.497114
0.496989
0.496865
0.496741
0.496617
0.496495
0.496372
0.496251
0.49613
0.496009
0.495889
0.49577
0.495651
0.495533
0.495415
0.495298
0.495182
0.495066
0.494951
0.494837
0.494723
0.494609
0.494497
0.494384
0.494273
0.494162
0.494052
0.493942
0.493833
0.493725
0.493617
0.49351
0.493404
0.493298
0.493193
0.493089
0.492985
0.492882
0.492779
0.492678
0.492576
0.492476
0.492376
0.492277
0.492178
0.492081
0.491984
0.491887
0.491791
0.491696
0.491602
0.491508
0.491415
0.491323
0.491231
0.49114
0.49105
0.490961
0.490872
0.490784
0.490696
0.49061
0.490524
0.490438
0.490354
0.49027
0.490187
0.490105
0.490023
0.489942
0.489862
0.489782
0.489704
0.489626
0.489548
0.489472
0.489396
0.489321
0.489247
0.489173
0.4891
0.489028
0.488957
0.488887
0.488817
0.488748
0.48868
0.488612
0.488545
0.488479
0.488414
0.48835
0.488286
0.488223
0.488161
0.4881
0.488039
0.48798
0.487921
0.487862
0.487805
0.487748
0.487692
0.487637
0.487583
0.48753
0.487477
0.487425
0.487374
0.487324
0.487274
0.487225
0.487177
0.48713
0.487084
0.487039
0.486994
0.48695
0.486907
0.486865
0.486823
0.486782
0.486743
0.486704
0.486665
0.486628
0.486591
0.486556
0.486521
0.486487
0.486453
0.486421
0.486389
0.486358
0.486328
0.486299
0.486271
0.486243
0.486217
0.486191
0.486166
0.486141
0.486118
0.486096
0.486074
0.486053
0.486033
0.486014
0.485995
0.485978
0.485961
0.485945
0.48593
0.485916
0.485903
0.48589
0.485879
0.485868
0.485858
0.485849
0.485841
0.485833
0.485827
0.485821
0.485816
0.485812
0.485809
0.485807
0.485805
0.485805
0.485805
0.485806
0.485808
0.485811
0.485814
0.485819
0.485824
0.48583
0.485837
0.485845
0.485854
0.485863
0.485874
0.485885
0.485897
0.48591
0.485924
0.485939
0.485954
0.485971
0.485988
0.486006
0.486025
0.486045
0.486065
0.486087
0.486109
0.486132
0.486157
0.486181
0.486207
0.486234
0.486261
0.48629
0.486319
0.486349
0.48638
0.486411
0.486444
0.486477
0.486512
0.486547
0.486583
0.48662
0.486657
0.486696
0.486735
0.486775
0.486816
0.486858
0.486901
0.486945
0.486989
0.487034
0.48708
0.487127
0.487175
0.487224
0.487273
0.487324
0.487375
0.487427
0.48748
0.487533
0.487588
0.487643
0.487699
0.487756
0.487814
0.487873
0.487932
0.487993
0.488054
0.488116
0.488179
0.488242
0.488307
0.488372
0.488438
0.488505
0.488573
0.488642
0.488711
0.488781
0.488853
0.488924
0.488997
0.489071
0.489145
0.48922
0.489296
0.489373
0.48945
0.489529
0.489608
0.489688
0.489769
0.48985
0.489933
0.490016
0.4901
0.490185
0.49027
0.490357
0.490444
0.490532
0.490621
0.49071
0.490801
0.490892
0.490984
0.491076
0.49117
0.491264
0.491359
0.491455
0.491552
0.491649
0.491747
0.491846
0.491946
0.492046
0.492148
0.49225
0.492352
0.492456
0.49256
0.492665
0.492771
0.492878
0.492985
0.493093
0.493202
0.493312
0.493422
0.493533
0.493645
0.493757
0.493871
0.493985
0.4941
0.494215
0.494331
0.494448
0.494566
0.494685
0.494804
0.494924
0.495044
0.495166
0.495288
0.49541
0.495534
0.495658
0.495783
0.495909
0.496035
0.496162
0.49629
0.496418
0.496547
0.496677
0.496808
0.496939
0.497071
0.497203
0.497337
0.497471
0.497605
0.49774
0.497876
0.498013
0.49815
0.498288
0.498427
0.498566
0.498707
0.498847
0.498988
0.49913
0.499273
0.499416
0.49956
0.499705
0.49985
0.499996
0.500143
0.50029
0.500437
0.500586
0.500735
0.500885
0.501035
0.501186
0.501337
0.50149
0.501642
0.501796
0.50195
0.502104
0.50226
0.502415
0.502572
0.502729
0.502887
0.503045
0.503204
0.503363
0.503523
0.503683
0.503845
0.504006
0.504169
0.504332
0.504495
0.504659
0.504824
0.504989
0.505154
0.505321
0.505487
0.505655
0.505823
0.505991
0.50616
0.50633
0.5065
0.50667
0.506842
0.507013
0.507185
0.507358
0.507531
0.507705
0.507879
0.508054
0.50823
0.508405
0.508582
0.508759
0.508936
0.509114
0.509292
0.509471
0.50965
0.50983
0.51001
0.510191
0.510372
0.510554
0.510736
0.510919
0.511102
0.511285
0.511469
0.511654
0.511839
0.512024
0.51221
0.512396
0.512583
0.51277
0.512958
0.513146
0.513334
0.513523
0.513712
0.513902
0.514092
0.514283
0.514474
0.514665
0.514857
0.515049
0.515242
0.515435
0.515628
0.515822
0.516016
0.516211
0.516405
0.516601
0.516796
0.516993
0.517189
0.517386
0.517583
0.51778
0.517978
0.518177
0.518375
0.518574
0.518773
0.518973
0.519173
0.519373
0.519574
0.519775
0.519976
0.520178
0.52038
0.520582
0.520785
0.520987
0.521191
0.521394
0.521598
0.521802
0.522006
0.522211
0.522416
0.522621
0.522827
0.523033
0.523239
0.523445
0.523652
0.523859
0.524066
0.524273
0.524481
0.524689
0.524897
0.525106
0.525314
0.525523
0.525732
0.525942
0.526151
0.526361
0.526571
0.526782
0.526992
0.527203
0.527414
0.527625
0.527837
0.528048
0.52826
0.528472
0.528684
0.528897
0.529109
0.529322
0.529535
0.529748
0.529961
0.530175
0.530388
0.530602
0.530816
0.53103
0.531245
0.531459
0.531674
0.531888
0.532103
0.532318
0.532533
0.532749
0.532964
0.53318
0.533395
0.533611
0.533827
0.534043
0.534259
0.534475
0.534692
0.534908
0.535125
0.535341
0.535558
0.535775
0.535992
0.536209
0.536426
0.536643
0.53686
0.537078
0.537295
0.537513
0.53773
0.537948
0.538165
0.538383
0.538601
0.538818
0.539036
0.539254
0.539472
0.53969
0.539908
0.540126
0.540344
0.540562
0.54078
0.540998
0.541216
0.541434
0.541652
0.54187
0.542088
0.542306
0.542524
0.542742
0.54296
0.543178
0.543396
0.543614
0.543832
0.54405
0.544268
0.544486
0.544704
0.544921
0.545139
0.545357
0.545574
0.545792
0.54601
0.546227
0.546444
0.546662
0.546879
0.547096
0.547313
0.54753
0.547747
0.547964
0.548181
0.548397
0.548614
0.548831
0.549047
0.549263
0.549479
0.549695
0.549911
0.550127
0.550343
0.550559
0.550774
0.550989
0.551205
0.55142
0.551635
0.551849
0.552064
0.552279
0.552493
0.552707
0.552921
0.553135
0.553349
0.553563
0.553776
0.553989
0.554202
0.554415
0.554628
0.554841
0.555053
0.555265
0.555477
0.555689
0.555901
0.556112
0.556323
0.556534
0.556745
0.556956
0.557166
0.557376
0.557586
0.557796
0.558005
0.558215
0.558424
0.558633
0.558841
0.559049
0.559258
0.559465
0.559673
0.55988
0.560088
0.560294
0.560501
0.560707
0.560914
0.561119
0.561325
0.56153
0.561735
0.56194
0.562144
0.562349
0.562552
0.562756
0.562959
0.563162
0.563365
0.563568
0.56377
0.563972
0.564173
0.564374
0.564575
0.564776
0.564976
0.565176
0.565376
0.565575
0.565774
0.565973
0.566171
0.566369
0.566567
0.566764
0.566961
0.567158
0.567354
0.56755
0.567745
0.567941
0.568136
0.56833
0.568524
0.568718
0.568911
0.569104
0.569297
0.569489
0.569681
0.569873
0.570064
0.570255
0.570445
0.570635
0.570825
0.571014
0.571203
0.571391
0.571579
0.571767
0.571954
0.572141
0.572327
0.572513
0.572699
0.572884
0.573069
0.573253
0.573437
0.57362
0.573803
0.573986
0.574168
0.57435
0.574531
0.574712
0.574892
0.575072
0.575252
0.575431
0.575609
0.575787
0.575965
0.576142
0.576319
0.576495
0.576671
0.576847
0.577021
0.577196
0.57737
0.577543
0.577716
0.577889
0.578061
0.578232
0.578403
0.578574
0.578744
0.578914
0.579083
0.579251
0.579419
0.579587
0.579754
0.57992
0.580087
0.580252
0.580417
0.580582
0.580746
0.580909
0.581072
0.581235
0.581397
0.581558
0.581719
0.581879
0.582039
0.582198
0.582357
0.582515
0.582673
0.58283
0.582987
0.583143
0.583298
0.583453
0.583607
0.583761
0.583915
0.584067
0.584219
0.584371
0.584522
0.584673
0.584822
0.584972
0.585121
0.585269
0.585416
0.585564
0.58571
0.585856
0.586001
0.586146
0.58629
0.586434
0.586577
0.586719
0.586861
0.587002
0.587143
0.587283
0.587422
0.587561
0.5877
0.587837
0.587974
0.588111
0.588247
0.588382
0.588516
0.58865
0.588784
0.588917
0.589049
0.58918
0.589311
0.589442
0.589571
0.5897
0.589829
0.589957
0.590084
0.590211
0.590337
0.590462
0.590587
0.590711
0.590834
0.590957
0.591079
0.5912
0.591321
0.591442
0.591561
0.59168
0.591798
0.591916
0.592033
0.592149
0.592265
0.59238
0.592495
0.592608
0.592721
0.592834
0.592946
0.593057
0.593167
0.593277
0.593386
0.593495
0.593602
0.59371
0.593816
0.593922
0.594027
0.594131
0.594235
0.594338
0.594441
0.594542
0.594644
0.594744
0.594844
0.594943
0.595041
0.595139
0.595236
0.595332
0.595428
0.595523
0.595617
0.595711
0.595803
0.595896
0.595987
0.596078
0.596168
0.596258
0.596346
0.596434
0.596522
0.596608
0.596694
0.596779
0.596864
0.596948
0.597031
0.597114
0.597195
0.597276
0.597357
0.597436
0.597515
0.597593
0.597671
0.597748
0.597824
0.597899
0.597974
0.598048
0.598121
0.598194
0.598265
0.598337
0.598407
0.598477
0.598546
0.598614
0.598681
0.598748
0.598814
0.59888
0.598944
0.599008
0.599072
0.599134
0.599196
0.599257
0.599317
0.599377
0.599436
0.599494
0.599551
0.599608
0.599664
0.599719
0.599774
0.599828
0.599881
0.599933
0.599985
0.600036
0.600086
0.600135
0.600184
0.600232
0.600279
0.600326
0.600371
0.600417
0.600461
0.600504
0.600547
0.600589
0.600631
0.600671
0.600711
0.600751
0.600789
0.600827
0.600864
0.6009
0.600936
0.60097
0.601004
0.601038
0.60107
0.601102
0.601133
0.601164
0.601193
0.601222
0.60125
0.601278
0.601305
0.60133
0.601356
0.60138
0.601404
0.601427
0.601449
0.601471
0.601492
0.601512
0.601531
0.60155
0.601567
0.601585
0.601601
0.601617
0.601632
0.601646
0.601659
0.601672
0.601684
0.601695
0.601706
0.601715
0.601724
0.601733
0.60174
0.601747
0.601753
0.601759
0.601763
0.601767
0.60177
0.601773
0.601774
0.601775
0.601776
0.601775
0.601774
0.601772
0.601769
0.601766
0.601762
0.601757
0.601751
0.601745
0.601738
0.60173
0.601721
0.601712
0.601702
0.601691
0.60168
0.601668
0.601655
0.601641
0.601627
0.601612
0.601596
0.60158
0.601562
0.601544
0.601526
0.601506
0.601486
0.601465
0.601444
0.601421
0.601398
0.601375
0.60135
0.601325
0.601299
0.601273
0.601245
0.601217
0.601189
0.601159
0.601129
0.601098
0.601067
0.601034
0.601001
0.600968
0.600933
0.600898
0.600862
0.600826
0.600789
0.600751
0.600712
0.600673
0.600633
0.600592
0.600551
0.600509
0.600466
0.600422
0.600378
0.600333
0.600287
0.600241
0.600194
0.600147
0.600098
0.600049
0.599999
0.599949
0.599898
0.599846
0.599793
0.59974
0.599686
0.599632
0.599577
0.599521
0.599464
0.599407
0.599349
0.59929
0.599231
0.599171
0.599111
0.599049
0.598987
0.598925
0.598861
0.598797
0.598733
0.598668
0.598602
0.598535
0.598468
0.5984
0.598331
0.598262
0.598192
0.598121
0.59805
0.597978
0.597906
0.597833
0.597759
0.597684
0.597609
0.597534
0.597457
0.59738
0.597303
0.597224
0.597145
0.597066
0.596986
0.596905
0.596823
0.596741
0.596659
0.596575
0.596491
0.596407
0.596321
0.596236
0.596149
0.596062
0.595974
0.595886
0.595797
0.595708
0.595617
0.595527
0.595435
0.595343
0.595251
0.595158
0.595064
0.59497
0.594875
0.594779
0.594683
0.594586
0.594489
0.594391
0.594293
0.594193
0.594094
0.593994
0.593893
0.593791
0.593689
0.593587
0.593484
0.59338
0.593276
0.593171
0.593065
0.59296
0.592853
0.592746
0.592638
0.59253
0.592421
0.592312
0.592202
0.592092
0.591981
0.591869
0.591757
0.591645
0.591532
0.591418
0.591304
0.591189
0.591074
0.590958
0.590842
0.590725
0.590608
0.59049
0.590371
0.590252
0.590133
0.590013
0.589893
0.589772
0.58965
0.589528
0.589406
0.589283
0.589159
0.589035
0.588911
0.588786
0.58866
0.588534
0.588408
0.588281
0.588154
0.588026
0.587898
0.587769
0.587639
0.58751
0.587379
0.587249
0.587118
0.586986
0.586854
0.586721
0.586588
0.586455
0.586321
0.586187
0.586052
0.585917
0.585781
0.585645
0.585509
0.585372
0.585234
0.585096
0.584958
0.58482
0.58468
0.584541
0.584401
0.584261
0.58412
0.583979
0.583837
0.583695
0.583553
0.58341
0.583267
0.583123
0.582979
0.582835
0.58269
0.582545
0.5824
0.582254
0.582108
0.581961
0.581814
0.581667
0.581519
0.581371
0.581223
0.581074
0.580925
0.580775
0.580625
0.580475
0.580325
0.580174
0.580023
0.579871
0.579719
0.579567
0.579414
0.579262
0.579108
0.578955
0.578801
0.578647
0.578492
0.578338
0.578183
0.578027
0.577872
0.577716
0.577559
0.577403
0.577246
0.577089
0.576931
0.576774
0.576616
0.576457
0.576299
0.57614
0.575981
0.575822
0.575662
0.575502
0.575342
0.575182
0.575021
0.574861
0.5747
0.574538
0.574377
0.574215
0.574053
0.573891
0.573728
0.573565
0.573403
0.573239
0.573076
0.572913
0.572749
0.572585
0.572421
0.572256
0.572092
0.571927
0.571762
0.571597
0.571432
0.571266
0.571101
0.570935
0.570769
0.570603
0.570436
0.57027
0.570103
0.569937
0.56977
0.569602
0.569435
0.569268
0.5691
0.568933
0.568765
0.568597
0.568429
0.568261
0.568093
0.567924
0.567756
0.567587
0.567418
0.56725
0.567081
0.566912
0.566742
0.566573
0.566404
0.566235
0.566065
0.565896
0.565726
0.565556
0.565387
0.565217
0.565047
0.564877
0.564707
0.564537
0.564367
0.564197
0.564027
0.563857
0.563686
0.563516
0.563346
0.563175
0.563005
0.562835
0.562664
0.562494
0.562324
0.562153
0.561983
0.561813
0.561642
0.561472
0.561301
0.561131
0.560961
0.560791
0.56062
0.56045
0.56028
0.56011
0.55994
0.55977
0.5596
0.55943
0.55926
0.55909
0.55892
0.55875
0.558581
0.558411
0.558242
0.558072
0.557903
0.557733
0.557564
0.557395
0.557226
0.557057
0.556889
0.55672
0.556551
0.556383
0.556215
0.556046
0.555878
0.55571
0.555542
0.555375
0.555207
0.55504
0.554873
0.554705
0.554538
0.554372
0.554205
0.554039
0.553872
0.553706
0.55354
0.553374
0.553209
0.553043
0.552878
0.552713
0.552548
0.552383
0.552219
0.552055
0.551891
0.551727
0.551563
0.5514
0.551237
0.551074
0.550911
0.550748
0.550586
0.550424
0.550262
0.550101
0.54994
0.549779
0.549618
0.549457
0.549297
0.549137
0.548978
0.548818
0.548659
0.5485
0.548342
0.548183
0.548026
0.547868
0.547711
0.547553
0.547397
0.54724
0.547084
0.546928
0.546773
0.546618
0.546463
0.546308
0.546154
0.546
0.545847
0.545694
0.545541
0.545389
0.545237
0.545085
0.544934
0.544783
0.544632
0.544482
0.544332
0.544182
0.544033
0.543885
0.543736
0.543588
0.543441
0.543294
0.543147
0.543001
0.542855
0.54271
0.542565
0.54242
0.542276
0.542132
0.541989
0.541846
0.541703
0.541561
0.54142
0.541279
0.541138
0.540998
0.540858
0.540719
0.54058
0.540442
0.540304
0.540167
0.54003
0.539893
0.539758
0.539622
0.539487
0.539353
0.539219
0.539085
0.538953
0.53882
0.538688
0.538557
0.538426
0.538296
0.538166
0.538037
0.537908
0.53778
0.537652
0.537525
0.537399
0.537273
0.537147
0.537022
0.536898
0.536774
0.536651
0.536528
0.536406
0.536285
0.536164
0.536043
0.535924
0.535805
0.535686
0.535568
0.535451
0.535334
0.535218
0.535102
0.534987
0.534873
0.534759
0.534646
0.534534
0.534422
0.534311
0.5342
0.53409
0.533981
0.533872
0.533764
0.533657
0.53355
0.533444
0.533339
0.533234
0.53313
0.533026
0.532923
0.532821
0.53272
0.532619
0.532519
0.53242
0.532321
0.532223
0.532126
0.532029
0.531933
0.531838
0.531743
0.531649
0.531556
0.531464
0.531372
0.531281
0.531191
0.531101
0.531012
0.530924
0.530837
0.53075
0.530664
0.530579
0.530494
0.530411
0.530328
0.530245
0.530164
0.530083
0.530003
0.529924
0.529846
0.529768
0.529691
0.529615
0.529539
0.529464
0.529391
0.529317
0.529245
0.529174
0.529103
0.529033
0.528964
0.528895
0.528827
0.528761
0.528695
0.528629
0.528565
0.528501
0.528438
0.528376
0.528315
0.528254
0.528195
0.528136
0.528078
0.528021
0.527964
0.527909
0.527854
0.5278
0.527747
0.527695
0.527643
0.527593
0.527543
0.527494
0.527446
0.527399
0.527352
0.527307
0.527262
0.527218
0.527175
0.527133
0.527092
0.527051
0.527012
0.526973
0.526935
0.526898
0.526862
0.526827
0.526792
0.526759
0.526726
0.526694
0.526663
0.526633
0.526604
0.526575
0.526548
0.526521
0.526495
0.526471
0.526447
0.526424
0.526401
0.52638
0.52636
0.52634
0.526321
0.526304
0.526287
0.526271
0.526256
0.526242
0.526228
0.526216
0.526204
0.526194
0.526184
0.526175
0.526167
0.52616
0.526154
0.526149
0.526145
0.526141
0.526139
0.526137
0.526137
0.526137
0.526138
0.52614
0.526143
0.526147
0.526152
0.526157
0.526164
0.526172
0.52618
0.526189
0.5262
0.526211
0.526223
0.526236
0.52625
0.526265
0.526281
0.526297
0.526315
0.526333
0.526353
0.526373
0.526395
0.526417
0.52644
0.526464
0.526489
0.526515
0.526542
0.526569
0.526598
0.526628
